Messreihe #1	Messreihe #1	Messreihe #1	Messreihe #1
Zeit (s)	Position (m)	Geschwindigkeit (m/s)	Beschleunigung (m/s²)
0.000	0.54		
0.020	0.54	-0.45	
0.040	0.53	-0.39	1.72
0.060	0.52	-0.38	0.32
0.080	0.51	-0.38	0.32
0.100	0.50	-0.37	0.33
0.120	0.50	-0.36	0.20
0.140	0.49	-0.36	0.42
0.160	0.48	-0.35	0.65
0.180	0.48	-0.33	0.65
0.200	0.47	-0.32	0.64
0.220	0.46	-0.31	0.74
0.240	0.46	-0.29	0.96
0.260	0.45	-0.27	1.08
0.280	0.45	-0.25	1.08
0.300	0.44	-0.22	0.98
0.320	0.44	-0.21	0.75
0.340	0.43	-0.19	0.74
0.360	0.43	-0.18	0.96
0.380	0.43	-0.16	1.07
0.400	0.42	-0.13	1.18
0.420	0.42	-0.11	1.18
0.440	0.42	-0.09	1.17
0.460	0.42	-0.06	1.40
0.480	0.42	-0.03	1.30
0.500	0.42	-0.01	1.18
0.520	0.42	0.02	1.20
0.540	0.42	0.04	0.97
0.560	0.42	0.05	0.96
0.580	0.42	0.08	1.07
0.600	0.42	0.10	1.07
0.620	0.42	0.12	1.07
0.640	0.43	0.14	1.07
0.660	0.43	0.16	1.18
0.680	0.43	0.19	1.19
0.700	0.44	0.21	0.97
0.720	0.44	0.23	0.97
0.740	0.45	0.25	0.87
0.760	0.45	0.26	0.64
0.780	0.46	0.27	0.65
0.800	0.46	0.29	0.54
0.820	0.47	0.30	0.52
0.840	0.47	0.31	0.76
0.860	0.48	0.33	0.65
0.880	0.49	0.33	0.53
0.900	0.49	0.35	0.67
0.920	0.50	0.36	0.33
0.940	0.51	0.36	0.21
0.960	0.51	0.37	0.15
0.980	0.52	0.37	1.07
1.000	0.53	0.41	1.25
1.020	0.54	0.42	-1.18
1.040	0.55	0.37	-1.26
1.060	0.55	0.37	-0.11
1.080	0.56	0.36	-0.13
1.100	0.57	0.36	0.22
1.120	0.57	0.37	0.17
1.140	0.58	0.37	-0.63
1.160	0.59	0.34	-0.87
1.180	0.60	0.33	-0.85
1.200	0.60	0.31	0.43
1.220	0.61	0.35	-0.76
1.240	0.62	0.28	-2.15
1.260	0.62	0.26	0.65
1.280	0.63	0.31	-0.55
1.300	0.63	0.24	-1.80
1.320	0.64	0.23	-0.69
1.340	0.64	0.21	-1.37
1.360	0.65	0.18	-1.88
1.380	0.65	0.14	0.09
1.400	0.65	0.18	-0.84
1.420	0.66	0.11	-2.60
1.440	0.66	0.08	0.41
1.460	0.66	0.12	-2.89
1.480	0.66	-0.04	-4.72
1.500	0.66	-0.07	-0.02
1.520	0.66	-0.04	1.52
1.540	0.66	-0.01	0.35
1.560	0.66	-0.02	-2.36
1.580	0.66	-0.10	-3.81
1.600	0.65	-0.18	-2.29
1.620	0.65	-0.19	0.57
1.640	0.65	-0.15	0.36
1.660	0.64	-0.18	-1.32
1.680	0.64	-0.21	-1.00
1.700	0.63	-0.22	-0.67
1.720	0.63	-0.23	-0.44
1.740	0.62	-0.24	-0.20
1.760	0.62	-0.24	-1.70
1.780	0.62	-0.30	-2.14
1.800	0.61	-0.33	0.30
1.820	0.60	-0.29	0.66
1.840	0.60	-0.30	-0.86
1.860	0.59	-0.33	-0.94
1.880	0.58	-0.34	0.07
1.900	0.58	-0.32	0.57
1.920	0.57	-0.31	0.24
1.940	0.56	-0.31	-0.01
1.960	0.56	-0.31	-1.30
1.980	0.55	-0.37	-1.38
2.000	0.54	-0.37	1.28
2.020	0.54	-0.31	1.50
2.040	0.53	-0.31	0.11
2.060	0.52	-0.31	0.10
2.080	0.52	-0.31	0.20
2.100	0.51	-0.30	0.42
2.120	0.51	-0.29	0.65
2.140	0.50	-0.28	0.64
2.160	0.50	-0.26	0.76
2.180	0.49	-0.25	0.65
2.200	0.49	-0.24	0.53
2.220	0.48	-0.22	0.65
2.240	0.48	-0.21	0.64
2.260	0.47	-0.20	0.75
2.280	0.47	-0.18	0.76
2.300	0.46	-0.17	0.63
2.320	0.46	-0.16	0.85
2.340	0.46	-0.13	1.08
2.360	0.46	-0.11	1.08
2.380	0.45	-0.09	1.08
2.400	0.45	-0.07	0.98
2.420	0.45	-0.05	0.87
2.440	0.45	-0.04	0.75
2.460	0.45	-0.02	0.74
2.480	0.45	-0.01	0.97
2.500	0.45	0.02	0.97
2.520	0.45	0.03	0.85
2.540	0.45	0.05	0.96
2.560	0.45	0.07	1.08
2.580	0.45	0.09	0.97
2.600	0.46	0.11	0.86
2.620	0.46	0.13	0.87
2.640	0.46	0.15	0.77
2.660	0.46	0.16	0.54
2.680	0.47	0.17	0.53
2.700	0.47	0.18	0.64
2.720	0.47	0.19	0.64
2.740	0.48	0.21	0.64
2.760	0.48	0.22	0.64
2.780	0.49	0.23	0.65
2.800	0.49	0.24	0.54
2.820	0.50	0.25	0.44
2.840	0.50	0.26	0.34
2.860	0.51	0.27	0.12
2.880	0.51	0.27	-0.02
2.900	0.52	0.27	0.21
2.920	0.52	0.27	0.35
2.940	0.53	0.28	-0.20
2.960	0.53	0.27	1.16
2.980	0.54	0.33	0.10
3.000	0.55	0.27	-1.49
3.020	0.55	0.27	1.40
3.040	0.56	0.33	0.01
3.060	0.56	0.27	-1.73
3.080	0.57	0.26	-0.06
3.100	0.57	0.26	-0.60
3.120	0.58	0.23	-1.28
3.140	0.58	0.21	0.00
3.160	0.59	0.23	0.07
3.180	0.59	0.22	-0.87
3.200	0.60	0.20	-0.77
3.220	0.60	0.19	-0.66
3.240	0.60	0.17	0.89
3.260	0.61	0.22	0.80
3.280	0.61	0.20	-2.47
3.300	0.62	0.12	-2.58
3.320	0.62	0.10	-1.18
3.340	0.62	0.08	-1.20
3.360	0.62	0.05	-0.98
3.380	0.62	0.04	-0.85
3.400	0.62	0.02	-0.97
3.420	0.62	0.00	-0.99
3.440	0.62	-0.02	-0.74
3.460	0.62	-0.03	-0.84
3.480	0.62	-0.05	-1.08
3.500	0.62	-0.08	-1.09
3.520	0.62	-0.10	-0.86
3.540	0.62	-0.11	-2.15
3.560	0.61	-0.18	-2.40
3.580	0.61	-0.21	0.63
3.600	0.61	-0.16	0.98
3.620	0.60	-0.17	-0.44
3.640	0.60	-0.18	-0.31
3.660	0.59	-0.18	-0.41
3.680	0.59	-0.19	-0.64
3.700	0.59	-0.21	-0.74
3.720	0.58	-0.22	-1.02
3.740	0.58	-0.25	-0.39
3.760	0.57	-0.24	0.50
3.780	0.57	-0.23	-0.41
3.800	0.56	-0.25	-0.73
3.820	0.56	-0.26	0.54
3.840	0.55	-0.23	-1.04
3.860	0.55	-0.30	-0.10
3.880	0.54	-0.24	1.40
3.900	0.54	-0.24	-1.66
3.920	0.53	-0.30	0.35
3.940	0.53	-0.23	1.53
3.960	0.52	-0.24	-0.39
3.980	0.52	-0.24	0.54
4.000	0.51	-0.22	0.56
4.020	0.51	-0.22	0.18
4.040	0.50	-0.21	0.65
4.060	0.50	-0.19	0.66
4.080	0.50	-0.19	0.42
4.100	0.49	-0.18	0.53
4.120	0.49	-0.16	0.65
4.140	0.49	-0.15	0.53
4.160	0.48	-0.14	0.64
4.180	0.48	-0.13	0.77
4.200	0.48	-0.11	0.52
4.220	0.48	-0.10	0.74
4.240	0.47	-0.08	0.98
4.260	0.47	-0.07	0.75
4.280	0.47	-0.05	0.85
4.300	0.47	-0.03	0.99
4.320	0.47	-0.01	0.65
4.340	0.47	-0.01	0.63
4.360	0.47	0.01	0.87
4.380	0.47	0.03	0.64
4.400	0.47	0.04	0.74
4.420	0.47	0.06	0.98
4.440	0.47	0.08	0.74
4.460	0.48	0.09	0.86
4.480	0.48	0.11	0.87
4.500	0.48	0.12	0.64
4.520	0.48	0.14	0.65
4.540	0.49	0.15	0.54
4.560	0.49	0.16	0.53
4.580	0.49	0.17	0.65
4.600	0.50	0.18	0.54
4.620	0.50	0.19	0.43
4.640	0.50	0.20	0.41
4.660	0.51	0.21	0.64
4.680	0.51	0.23	0.80
4.700	0.52	0.24	0.12
4.720	0.52	0.23	-0.15
4.740	0.53	0.24	0.44
4.760	0.53	0.25	0.36
4.780	0.54	0.25	-0.22
4.800	0.54	0.24	-0.24
4.820	0.55	0.24	1.63
4.840	0.55	0.31	0.12
4.860	0.56	0.25	-1.73
4.880	0.56	0.24	1.38
4.900	0.57	0.30	0.32
4.920	0.57	0.25	-1.13
4.940	0.58	0.25	-0.24
4.960	0.58	0.24	-1.33
4.980	0.59	0.20	-0.83
5.000	0.59	0.21	0.26
5.020	0.59	0.21	-0.27
5.040	0.60	0.20	-0.98
5.060	0.60	0.17	-0.90
5.080	0.61	0.16	-0.45
5.100	0.61	0.16	-0.30
5.120	0.61	0.15	0.78
5.140	0.61	0.19	0.66
5.160	0.62	0.17	-2.14
5.180	0.62	0.10	-2.36
5.200	0.62	0.08	-1.07
5.220	0.62	0.06	-1.07
5.240	0.63	0.04	-1.08
5.260	0.63	0.01	-0.99
5.280	0.63	0.00	-0.74
5.300	0.63	-0.02	-0.85
5.320	0.63	-0.04	-0.78
5.340	0.62	-0.05	-3.05
5.360	0.62	-0.16	-3.11
5.380	0.62	-0.17	3.33
5.400	0.62	-0.03	3.11
5.420	0.62	-0.05	-10.37
5.440	0.62	-0.44	-5.92
5.460	0.60	-0.28	12.22
5.480	0.60	0.05	-0.12
5.500	0.60	-0.29	-7.37
5.520	0.59	-0.25	4.26
5.540	0.59	-0.12	1.06
5.560	0.59	-0.20	-2.91
5.580	0.58	-0.23	-1.00
5.600	0.58	-0.24	-4.26
5.620	0.57	-0.40	-53.35
5.640	0.56	-2.38	3.77
5.660	0.48	-0.25	91.61
5.680	0.55	1.29	-11.00
5.700	0.53	-0.69	-28.42
5.720	0.52	0.15	22.01
5.740	0.54	0.19	-8.66
5.760	0.53	-0.20	-11.55
5.780	0.53	-0.28	-3.59
5.800	0.52	-0.34	-0.12
5.820	0.51	-0.28	1.61
5.840	0.51	-0.28	0.10
5.860	0.50	-0.28	0.21
5.880	0.50	-0.27	0.31
5.900	0.49	-0.26	0.52
5.920	0.49	-0.25	0.78
5.940	0.48	-0.23	0.43
5.960	0.48	-0.23	0.41
5.980	0.47	-0.22	0.75
6.000	0.47	-0.20	0.87
6.020	0.47	-0.18	0.77
6.040	0.46	-0.17	0.53
6.060	0.46	-0.16	0.63
6.080	0.46	-0.14	0.86
6.100	0.45	-0.13	0.86
6.120	0.45	-0.11	0.86
6.140	0.45	-0.09	0.85
6.160	0.45	-0.07	1.07
6.180	0.45	-0.05	1.20
6.200	0.45	-0.03	0.97
6.220	0.45	-0.01	0.87
6.240	0.45	0.01	0.75
6.260	0.45	0.02	0.75
6.280	0.45	0.04	0.74
6.300	0.45	0.05	0.93
6.320	0.45	0.08	1.53
6.340	0.45	0.11	1.22
6.360	0.45	0.12	0.52
6.380	0.46	0.13	0.84
6.400	0.46	0.16	1.21
6.420	0.46	0.18	0.76
6.440	0.46	0.19	0.64
6.460	0.47	0.21	0.77
6.480	0.47	0.22	0.54
6.500	0.48	0.23	0.52
6.520	0.48	0.24	0.75
6.540	0.49	0.26	0.76
6.560	0.49	0.27	0.64
6.580	0.50	0.28	0.64
6.600	0.50	0.30	0.66
6.620	0.51	0.31	0.45
6.640	0.52	0.31	0.11
6.660	0.52	0.31	0.10
6.680	0.53	0.32	0.22
6.700	0.54	0.32	0.12
6.720	0.54	0.32	-0.10
6.740	0.55	0.32	1.29
6.760	0.55	0.37	1.50
6.780	0.56	0.38	-1.29
6.800	0.57	0.32	-1.43
6.820	0.58	0.32	0.48
6.840	0.58	0.34	-0.04
6.860	0.59	0.32	-0.89
6.880	0.60	0.31	-0.40
6.900	0.60	0.30	-0.74
6.920	0.61	0.28	-0.89
6.940	0.61	0.27	-0.54
6.960	0.62	0.25	-0.66
6.980	0.62	0.24	0.87
7.000	0.63	0.29	1.01
7.020	0.63	0.28	-2.02
7.040	0.64	0.21	-2.36
7.060	0.64	0.19	-1.06
7.080	0.65	0.17	-1.32
7.100	0.65	0.13	0.42
7.120	0.65	0.18	-0.50
7.140	0.66	0.11	-2.36
7.160	0.66	0.09	0.25
7.180	0.66	0.12	-1.28
7.200	0.66	0.04	-2.71
7.220	0.66	0.02	-1.18
7.240	0.66	-0.01	-1.19
7.260	0.66	-0.03	-1.07
7.280	0.66	-0.05	-1.19
7.300	0.66	-0.08	-1.11
7.320	0.66	-0.10	-0.59
7.340	0.66	-0.10	-2.42
7.360	0.65	-0.19	-3.30
7.380	0.65	-0.24	-0.04
7.400	0.64	-0.20	0.54
7.420	0.64	-0.21	-0.76
7.440	0.64	-0.23	-0.64
7.460	0.63	-0.24	-0.74
7.480	0.63	-0.26	-0.85
7.500	0.62	-0.27	-0.86
7.520	0.61	-0.29	-2.29
7.540	0.61	-0.37	-2.19
7.560	0.60	-0.38	0.99
7.580	0.59	-0.33	0.88
7.600	0.59	-0.34	-0.68
7.620	0.58	-0.35	-0.22
7.640	0.57	-0.35	-0.22
7.660	0.57	-0.36	-0.24
7.680	0.56	-0.36	0.11
7.700	0.55	-0.36	0.23
7.720	0.54	-0.35	-1.40
7.740	0.54	-0.41	-1.61
7.760	0.53	-0.42	1.29
7.780	0.52	-0.36	1.38
7.800	0.51	-0.36	0.20
7.820	0.51	-0.35	0.43
7.840	0.50	-0.34	0.42
7.860	0.49	-0.34	0.64
7.880	0.49	-0.32	0.78
7.900	0.48	-0.31	0.44
7.920	0.47	-0.30	0.30
7.940	0.47	-0.29	0.64
7.960	0.46	-0.28	0.76
7.980	0.46	-0.26	0.63
8.000	0.45	-0.25	0.85
8.020	0.45	-0.23	0.97
8.040	0.44	-0.21	0.96
8.060	0.44	-0.19	1.08
8.080	0.43	-0.17	0.97
8.100	0.43	-0.15	0.96
8.120	0.43	-0.13	1.08
8.140	0.43	-0.11	1.08
8.160	0.42	-0.09	0.97
8.180	0.42	-0.07	0.95
8.200	0.42	-0.05	1.18
8.220	0.42	-0.02	1.19
8.240	0.42	0.00	1.07
8.260	0.42	0.02	1.18
8.280	0.42	0.05	1.30
8.300	0.42	0.07	1.19
8.320	0.42	0.09	1.07
8.340	0.43	0.11	1.08
8.360	0.43	0.14	0.97
8.380	0.43	0.15	0.86
8.400	0.43	0.17	0.85
8.420	0.44	0.19	0.95
8.440	0.44	0.21	1.19
8.460	0.45	0.24	1.09
8.480	0.45	0.25	0.75
8.500	0.46	0.27	0.75
8.520	0.46	0.28	0.77
8.540	0.47	0.30	0.54
8.560	0.47	0.30	0.53
8.580	0.48	0.32	0.65
8.600	0.49	0.33	0.54
8.620	0.49	0.34	0.54
8.640	0.50	0.35	0.44
8.660	0.51	0.36	0.31
8.680	0.51	0.36	0.45
8.700	0.52	0.37	0.13
8.720	0.53	0.37	1.30
8.740	0.54	0.43	1.38
8.760	0.55	0.42	-1.40
8.780	0.55	0.37	-1.38
8.800	0.56	0.37	-0.10
8.820	0.57	0.37	-0.22
8.840	0.58	0.36	-0.13
8.860	0.58	0.36	0.14
8.880	0.59	0.37	-0.16
8.900	0.60	0.35	-0.98
8.920	0.60	0.33	0.51
8.940	0.61	0.37	1.11
8.960	0.62	0.37	-1.90
8.980	0.63	0.30	-2.37
9.000	0.63	0.28	-0.98
9.020	0.64	0.26	-0.85
9.040	0.64	0.24	-0.97
9.060	0.65	0.22	-1.11
9.080	0.65	0.20	0.56
9.100	0.65	0.24	0.63
9.120	0.66	0.22	-2.78
9.140	0.66	0.13	-4.50
9.160	0.67	0.04	-1.23
9.180	0.66	0.08	1.99
9.200	0.67	0.12	-0.96
9.220	0.67	0.04	-2.38
9.240	0.67	0.03	-0.96
9.260	0.67	0.01	-1.04
9.280	0.67	-0.01	-1.38
9.300	0.67	-0.05	-1.63
9.320	0.67	-0.08	-1.41
9.340	0.67	-0.11	-1.32
9.360	0.66	-0.13	-0.99
9.380	0.66	-0.14	-0.62
9.400	0.66	-0.16	-2.14
9.420	0.66	-0.23	-2.49
9.440	0.65	-0.26	0.11
9.460	0.65	-0.23	0.21
9.480	0.64	-0.25	-0.99
9.500	0.64	-0.27	-0.66
9.520	0.63	-0.27	-1.84
9.540	0.62	-0.34	-1.95
9.560	0.62	-0.35	0.76
9.580	0.61	-0.31	0.75
9.600	0.60	-0.32	-0.52
9.620	0.60	-0.33	-0.74
9.640	0.59	-0.35	-0.91
9.660	0.58	-0.37	-0.36
9.680	0.58	-0.37	0.20
9.700	0.57	-0.36	-0.96
9.720	0.56	-0.40	-1.27
9.740	0.55	-0.41	1.30
9.760	0.55	-0.35	1.29
9.780	0.54	-0.36	-0.12
9.800	0.53	-0.36	0.10
9.820	0.52	-0.35	0.22
9.840	0.52	-0.35	0.21
9.860	0.51	-0.34	0.31
9.880	0.50	-0.34	0.54
9.900	0.50	-0.32	0.54
9.920	0.49	-0.32	0.52
9.940	0.48	-0.30	0.75
9.960	0.48	-0.28	0.76
9.980	0.47	-0.27	0.64
10.000	0.47	-0.26	0.75
10.020	0.46	-0.24	0.76
10.040	0.46	-0.23	0.64
10.060	0.45	-0.22	0.74
10.080	0.45	-0.20	0.97
10.100	0.45	-0.18	0.98
10.120	0.44	-0.16	0.85
10.140	0.44	-0.14	1.07
10.160	0.44	-0.12	1.19
10.180	0.43	-0.10	1.08
10.200	0.43	-0.07	1.08
10.220	0.43	-0.05	1.08
10.240	0.43	-0.03	1.08
10.260	0.43	-0.01	0.97
10.280	0.43	0.01	0.85
10.300	0.43	0.02	0.96
10.320	0.43	0.05	1.07
10.340	0.43	0.07	1.07
10.360	0.43	0.09	1.19
10.380	0.44	0.11	1.09
10.400	0.44	0.13	0.85
10.420	0.44	0.15	0.97
10.440	0.44	0.17	0.98
10.460	0.45	0.19	0.76
10.480	0.45	0.20	0.64
10.500	0.46	0.21	0.64
10.520	0.46	0.23	0.64
10.540	0.46	0.24	0.75
10.560	0.47	0.26	0.76
10.580	0.48	0.27	0.64
10.600	0.48	0.28	0.65
10.620	0.49	0.30	0.54
10.640	0.49	0.30	0.44
10.660	0.50	0.31	0.34
10.680	0.50	0.32	0.11
10.700	0.51	0.32	0.10
10.720	0.52	0.32	0.13
10.740	0.52	0.32	1.30
10.760	0.53	0.37	1.36
10.780	0.54	0.38	-1.18
10.800	0.55	0.33	-1.26
10.820	0.55	0.33	-0.24
10.840	0.56	0.32	0.10
10.860	0.56	0.33	0.33
10.880	0.57	0.33	-1.21
10.900	0.58	0.28	-0.95
10.920	0.58	0.29	0.29
10.940	0.59	0.29	-0.64
10.960	0.60	0.27	-0.89
10.980	0.60	0.26	0.88
11.000	0.61	0.30	0.86
11.020	0.61	0.29	-1.83
11.040	0.62	0.23	-1.91
11.060	0.62	0.22	-0.84
11.080	0.63	0.20	-1.07
11.100	0.63	0.17	-1.06
11.120	0.63	0.15	-1.18
11.140	0.64	0.13	-1.19
11.160	0.64	0.11	-1.09
11.180	0.64	0.08	-0.87
11.200	0.64	0.07	-0.72
11.220	0.64	0.05	-1.07
11.240	0.64	0.03	-1.08
11.260	0.64	0.01	-0.95
11.280	0.64	-0.01	-1.19
11.300	0.64	-0.04	-1.09
11.320	0.64	-0.05	-0.95
11.340	0.64	-0.08	-1.19
11.360	0.64	-0.10	-1.11
11.380	0.64	-0.12	-0.76
11.400	0.63	-0.13	-0.65
11.420	0.63	-0.15	-0.65
11.440	0.63	-0.16	-0.65
11.460	0.63	-0.17	-0.53
11.480	0.62	-0.18	-1.93
11.500	0.62	-0.25	-2.26
11.520	0.61	-0.27	0.29
11.540	0.61	-0.24	0.74
11.560	0.60	-0.24	-0.39
11.580	0.60	-0.25	-0.92
11.600	0.59	-0.28	-0.25
11.620	0.59	-0.26	0.26
11.640	0.58	-0.27	-0.34
11.660	0.58	-0.28	-0.03
11.680	0.57	-0.27	-1.05
11.700	0.57	-0.32	-1.58
11.720	0.56	-0.33	0.83
11.740	0.55	-0.28	1.27
11.760	0.55	-0.28	0.11
11.780	0.54	-0.28	0.10
11.800	0.54	-0.28	0.22
11.820	0.53	-0.27	0.21
11.840	0.52	-0.27	0.32
11.860	0.52	-0.26	0.43
11.880	0.51	-0.25	0.43
11.900	0.51	-0.24	0.44
11.920	0.50	-0.23	0.32
11.940	0.50	-0.23	0.42
11.960	0.50	-0.22	0.65
11.980	0.49	-0.20	0.65
12.000	0.49	-0.19	0.65
12.020	0.48	-0.18	0.64
12.040	0.48	-0.16	0.75
12.060	0.48	-0.15	0.87
12.080	0.47	-0.13	0.76
12.100	0.47	-0.12	0.64
12.120	0.47	-0.10	0.75
12.140	0.47	-0.09	0.87
12.160	0.47	-0.07	0.76
12.180	0.46	-0.06	0.63
12.200	0.46	-0.04	0.85
12.220	0.46	-0.02	0.97
12.240	0.46	-0.01	0.86
12.260	0.46	0.01	0.86
12.280	0.46	0.03	0.86
12.300	0.46	0.05	0.87
12.320	0.47	0.06	0.75
12.340	0.47	0.08	0.75
12.360	0.47	0.09	0.76
12.380	0.47	0.11	0.64
12.400	0.47	0.12	0.64
12.420	0.48	0.13	0.64
12.440	0.48	0.15	0.64
12.460	0.48	0.16	0.64
12.480	0.48	0.17	0.76
12.500	0.49	0.19	0.65
12.520	0.49	0.20	0.54
12.540	0.50	0.21	0.56
12.560	0.50	0.22	0.22
12.580	0.50	0.22	0.08
12.600	0.51	0.22	0.33
12.620	0.51	0.23	1.86
12.640	0.52	0.30	0.12
12.660	0.53	0.24	-3.34
12.680	0.53	0.16	-0.10
12.700	0.53	0.23	-0.17
12.720	0.54	0.16	0.38
12.740	0.54	0.25	4.22
12.760	0.55	0.32	0.93
12.780	0.55	0.29	-0.03
12.800	0.56	0.32	-0.82
12.820	0.56	0.25	-1.86
12.840	0.57	0.25	-14.38
12.860	0.57	-0.32	-11.76
12.880	0.56	-0.22	25.86
12.900	0.57	0.71	20.10
12.920	0.58	0.58	-12.58
12.940	0.59	0.21	-10.13
12.960	0.59	0.18	-1.23
12.980	0.60	0.16	-0.62
13.000	0.60	0.15	-1.09
13.020	0.60	0.12	0.38
13.040	0.60	0.17	1.24
13.060	0.61	0.17	-2.15
13.080	0.61	0.08	-2.28
13.100	0.61	0.07	-0.46
13.120	0.61	0.06	-2.26
13.140	0.61	-0.02	-8.05
13.160	0.61	-0.26	-2.28
13.180	0.60	-0.11	6.24
13.200	0.61	-0.01	2.08
13.220	0.60	-0.02	5.43
13.240	0.61	0.21	-8.47
13.260	0.61	-0.36	-10.73
13.280	0.59	-0.22	17.32
13.300	0.60	0.33	-6.37
13.320	0.61	-0.47	-16.63
13.340	0.58	-0.34	19.97
13.360	0.59	0.32	9.82
13.380	0.60	0.06	-14.15
13.400	0.59	-0.24	-5.87
13.420	0.59	-0.18	3.34
13.440	0.59	-0.11	-0.78
13.460	0.58	-0.21	-1.88
13.480	0.58	-0.18	0.17
13.500	0.58	-0.20	-0.56
13.520	0.57	-0.21	-1.83
13.540	0.57	-0.27	-0.57
13.560	0.56	-0.23	1.38
13.580	0.56	-0.22	-1.27
13.600	0.55	-0.28	-0.22
13.620	0.55	-0.23	1.40
13.640	0.54	-0.22	0.02
13.660	0.54	-0.23	-0.24
13.680	0.53	-0.23	0.10
13.700	0.53	-0.22	0.22
13.720	0.52	-0.22	0.09
13.740	0.52	-0.22	0.31
13.760	0.52	-0.21	0.44
13.780	0.51	-0.20	0.32
13.800	0.51	-0.20	0.32
13.820	0.50	-0.19	0.43
13.840	0.50	-0.18	0.42
13.860	0.50	-0.17	0.54
13.880	0.49	-0.16	0.55
13.900	0.49	-0.15	0.42
13.920	0.49	-0.14	0.64
13.940	0.48	-0.13	0.76
13.960	0.48	-0.11	0.64
13.980	0.48	-0.10	0.75
14.000	0.48	-0.08	0.76
14.020	0.48	-0.07	0.65
14.040	0.48	-0.06	0.64
14.060	0.47	-0.04	0.75
14.080	0.47	-0.03	0.75
14.100	0.47	-0.01	0.75
14.120	0.47	0.00	0.87
14.140	0.47	0.02	0.75
14.160	0.47	0.03	0.74
14.180	0.47	0.05	0.87
14.200	0.48	0.07	0.76
14.220	0.48	0.08	0.64
14.240	0.48	0.09	0.75
14.260	0.48	0.11	0.76
14.280	0.48	0.12	0.65
14.300	0.49	0.14	0.54
14.320	0.49	0.15	0.53
14.340	0.49	0.16	0.64
14.360	0.50	0.17	0.64
14.380	0.50	0.18	0.76
14.400	0.50	0.20	0.67
14.420	0.51	0.21	0.33
14.440	0.51	0.21	0.21
14.460	0.52	0.22	0.32
14.480	0.52	0.23	0.32
14.500	0.52	0.23	0.32
14.520	0.53	0.24	0.35
14.540	0.53	0.25	-0.09
14.560	0.54	0.24	1.16
14.580	0.54	0.29	1.59
14.600	0.55	0.30	-1.06
14.620	0.56	0.25	-1.38
14.640	0.56	0.24	-0.14
14.660	0.57	0.24	0.37
14.680	0.57	0.26	-0.13
14.700	0.58	0.24	-1.26
14.720	0.58	0.21	-0.27
14.740	0.58	0.23	0.51
14.760	0.59	0.23	-0.51
14.780	0.59	0.21	-0.90
14.800	0.60	0.19	-0.44
14.820	0.60	0.19	-0.42
14.840	0.60	0.18	0.76
14.860	0.61	0.22	0.89
14.880	0.61	0.21	-2.15
14.900	0.62	0.13	-2.28
14.920	0.62	0.12	-0.62
14.940	0.62	0.11	-0.85
14.960	0.62	0.09	-1.00
14.980	0.62	0.07	-0.65
15.000	0.63	0.06	-0.52
15.020	0.63	0.05	-0.74
15.040	0.63	0.03	-0.85
15.060	0.63	0.01	-0.96
15.080	0.63	-0.01	-1.08
15.100	0.63	-0.03	-1.08
15.120	0.63	-0.05	-1.08
15.140	0.63	-0.07	-1.10
15.160	0.62	-0.09	-0.87
15.180	0.62	-0.11	-0.64
15.200	0.62	-0.12	-2.05
15.220	0.62	-0.19	-2.16
15.240	0.61	-0.21	0.54
15.260	0.61	-0.17	0.64
15.280	0.61	-0.18	-0.64
15.300	0.60	-0.19	-0.74
15.320	0.60	-0.21	-0.85
15.340	0.59	-0.23	-1.01
15.360	0.59	-0.25	-0.58
15.380	0.58	-0.25	-0.08
15.400	0.58	-0.25	-0.45
15.420	0.57	-0.27	-0.22
15.440	0.57	-0.26	-0.09
15.460	0.56	-0.27	-0.24
15.480	0.56	-0.27	-1.41
15.500	0.55	-0.33	-1.48
15.520	0.54	-0.33	1.08
15.540	0.54	-0.28	1.16
15.560	0.53	-0.28	-3.15E-13
15.580	0.53	-0.28	-0.01
15.600	0.52	-0.28	0.11
15.620	0.52	-0.28	0.10
15.640	0.51	-0.28	0.20
15.660	0.51	-0.27	0.42
15.680	0.50	-0.26	0.55
15.700	0.49	-0.25	0.45
15.720	0.49	-0.25	0.19
15.740	0.49	-0.24	0.53
15.760	0.48	-0.22	0.66
15.780	0.48	-0.22	0.42
15.800	0.47	-0.21	0.52
15.820	0.47	-0.19	0.75
15.840	0.46	-0.18	0.87
15.860	0.46	-0.16	0.75
15.880	0.46	-0.15	0.75
15.900	0.45	-0.13	0.75
15.920	0.45	-0.12	0.74
15.940	0.45	-0.10	0.97
15.960	0.45	-0.08	0.98
15.980	0.45	-0.06	0.75
16.000	0.45	-0.05	0.85
16.020	0.44	-0.03	1.08
16.040	0.44	-0.01	0.97
16.060	0.44	0.01	0.85
16.080	0.45	0.03	0.96
16.100	0.45	0.05	1.08
16.120	0.45	0.07	0.97
16.140	0.45	0.09	0.86
16.160	0.45	0.11	0.86
16.180	0.45	0.12	0.87
16.200	0.46	0.14	0.74
16.220	0.46	0.15	0.85
16.240	0.46	0.18	0.98
16.260	0.47	0.19	0.75
16.280	0.47	0.21	0.75
16.300	0.47	0.22	0.76
16.320	0.48	0.24	0.64
16.340	0.48	0.25	0.64
16.360	0.49	0.26	0.65
16.380	0.49	0.27	0.54
16.400	0.50	0.28	0.43
16.420	0.51	0.29	0.43
16.440	0.51	0.30	0.44
16.460	0.52	0.31	0.34
16.480	0.52	0.31	0.01
16.500	0.53	0.31	1.39
16.520	0.54	0.37	1.70
16.540	0.54	0.38	-1.07
16.560	0.55	0.33	-1.28
16.580	0.56	0.33	0.14
16.600	0.56	0.33	-0.30
16.620	0.57	0.31	-0.72
16.640	0.58	0.30	0.34
16.660	0.58	0.33	0.19
16.680	0.59	0.31	-0.90
16.700	0.60	0.29	-0.55
16.720	0.60	0.29	0.98
16.740	0.61	0.33	1.10
16.760	0.61	0.33	-1.79
16.780	0.62	0.26	-2.39
16.800	0.62	0.24	-0.76
16.820	0.63	0.23	-0.61
16.840	0.63	0.21	-0.97
16.860	0.64	0.19	-0.98
16.880	0.64	0.17	-0.88
16.900	0.65	0.16	-0.76
16.920	0.65	0.14	0.58
16.940	0.65	0.18	0.49
16.960	0.66	0.16	-4.00
16.980	0.66	0.02	-2.88
17.000	0.66	0.05	2.07
17.020	0.66	0.10	-0.59
17.040	0.66	0.02	-2.46
17.060	0.66	0.00	-2.59
17.080	0.66	-0.08	-2.87
17.100	0.66	-0.11	1.85
17.120	0.66	-0.01	0.73
17.140	0.66	-0.08	-4.26
17.160	0.65	-0.18	-1.23
17.180	0.65	-0.13	0.69
17.200	0.65	-0.15	-1.07
17.220	0.64	-0.17	-1.20
17.240	0.64	-0.20	-0.98
17.260	0.64	-0.21	-0.75
17.280	0.63	-0.23	-2.05
17.300	0.63	-0.30	-2.17
17.320	0.62	-0.31	0.67
17.340	0.61	-0.27	0.41
17.360	0.61	-0.30	-0.71
17.380	0.60	-0.30	0.19
17.400	0.60	-0.29	-0.82
17.420	0.59	-0.33	-1.39
17.440	0.58	-0.35	-0.13
17.460	0.58	-0.34	0.22
17.480	0.57	-0.34	-1.29
17.500	0.56	-0.39	-1.48
17.520	0.55	-0.40	0.96
17.540	0.55	-0.35	1.16
17.560	0.54	-0.35	-0.01
17.580	0.53	-0.35	0.10
17.600	0.53	-0.34	0.22
17.620	0.52	-0.34	0.11
17.640	0.51	-0.34	0.08
17.660	0.51	-0.34	0.43
17.680	0.50	-0.32	0.44
17.700	0.49	-0.32	0.31
17.720	0.49	-0.31	0.54
17.740	0.48	-0.30	0.54
17.760	0.48	-0.29	0.52
17.780	0.47	-0.28	0.75
17.800	0.46	-0.26	0.76
17.820	0.46	-0.25	0.64
17.840	0.45	-0.23	0.75
17.860	0.45	-0.22	0.86
17.880	0.45	-0.20	0.86
17.900	0.44	-0.18	0.85
17.920	0.44	-0.16	0.96
17.940	0.44	-0.14	1.08
17.960	0.43	-0.12	0.97
17.980	0.43	-0.10	0.95
18.000	0.43	-0.08	1.18
18.020	0.43	-0.06	1.20
18.040	0.43	-0.04	0.97
18.060	0.43	-0.02	0.96
18.080	0.43	0.00	1.08
18.100	0.43	0.02	0.97
18.120	0.43	0.04	0.95
18.140	0.43	0.06	1.18
18.160	0.43	0.09	1.19
18.180	0.43	0.11	1.07
18.200	0.43	0.13	1.08
18.220	0.44	0.15	0.97
18.240	0.44	0.17	0.86
18.260	0.44	0.19	0.86
18.280	0.45	0.21	0.87
18.300	0.45	0.22	0.76
18.320	0.46	0.24	0.63
18.340	0.46	0.25	0.86
18.360	0.47	0.27	0.88
18.380	0.47	0.28	0.53
18.400	0.48	0.29	0.64
18.420	0.48	0.31	0.77
18.440	0.49	0.32	0.54
18.460	0.50	0.33	0.44
18.480	0.50	0.34	0.34
18.500	0.51	0.34	0.01
18.520	0.52	0.34	1.39
18.540	0.52	0.40	1.72
18.560	0.53	0.41	-1.28
18.580	0.54	0.35	-1.52
18.600	0.55	0.35	0.19
18.620	0.55	0.36	0.57
18.640	0.56	0.37	0.18
18.660	0.57	0.36	-0.75
18.680	0.58	0.34	-0.79
18.700	0.58	0.33	-0.32
18.720	0.59	0.33	-0.42
18.740	0.59	0.31	0.76
18.760	0.60	0.36	0.86
18.780	0.61	0.35	-1.84
18.800	0.61	0.28	-1.71
18.820	0.62	0.28	-0.40
18.840	0.63	0.27	-0.73
18.860	0.63	0.25	-1.09
18.880	0.64	0.22	0.32
18.900	0.64	0.26	0.58
18.920	0.65	0.25	-2.47
18.940	0.65	0.17	-2.60
18.960	0.65	0.14	-1.09
18.980	0.66	0.12	-0.86
19.000	0.66	0.11	-0.82
19.020	0.66	0.09	-1.28
19.040	0.66	0.06	-1.42
19.060	0.66	0.03	-1.09
19.080	0.66	0.01	-2.16
19.100	0.66	-0.05	-2.26
19.120	0.66	-0.08	0.08
19.140	0.66	-0.05	1.86
19.160	0.66	0.00	-0.69
19.180	0.66	-0.08	-4.15
19.200	0.66	-0.17	-1.09
19.220	0.65	-0.12	0.46
19.240	0.65	-0.15	-1.10
19.260	0.65	-0.17	-0.86
19.280	0.64	-0.18	-0.86
19.300	0.64	-0.20	-0.86
19.320	0.64	-0.22	-0.75
19.340	0.63	-0.23	-2.04
19.360	0.63	-0.30	-2.39
19.380	0.62	-0.33	0.42
19.400	0.61	-0.28	0.64
19.420	0.61	-0.30	-0.60
19.440	0.60	-0.31	0.14
19.460	0.60	-0.30	-0.28
19.480	0.59	-0.32	-0.92
19.500	0.58	-0.33	-0.24
19.520	0.58	-0.33	0.21
19.540	0.57	-0.32	-1.17
19.560	0.56	-0.37	-1.48
19.580	0.56	-0.38	0.95
19.600	0.55	-0.34	1.26
19.620	0.54	-0.33	0.22
19.640	0.54	-0.33	0.11
19.660	0.53	-0.33	0.10
19.680	0.52	-0.32	0.21
19.700	0.52	-0.32	0.32
19.720	0.51	-0.31	0.44
19.740	0.50	-0.30	0.31
19.760	0.50	-0.30	0.52
19.780	0.49	-0.28	0.78
19.800	0.49	-0.27	0.43
19.820	0.48	-0.26	0.41
19.840	0.48	-0.25	0.75
19.860	0.47	-0.23	0.86
19.880	0.47	-0.22	0.87
19.900	0.46	-0.20	0.75
19.920	0.46	-0.19	0.75
19.940	0.45	-0.17	0.87
19.960	0.45	-0.15	0.75
19.980	0.45	-0.14	0.85
20.000	0.45	-0.12	0.98
20.020	0.44	-0.10	0.85
20.040	0.44	-0.08	1.07
20.060	0.44	-0.06	1.20
20.080	0.44	-0.04	0.97
20.100	0.44	-0.02	0.85
20.120	0.44	0.00	0.96
20.140	0.44	0.02	1.08
20.160	0.44	0.04	0.97
20.180	0.44	0.06	0.86
20.200	0.44	0.08	0.85
20.220	0.44	0.09	0.97
20.240	0.45	0.11	0.98
20.260	0.45	0.13	0.74
20.280	0.45	0.14	0.85
20.300	0.45	0.17	0.99
20.320	0.46	0.18	0.64
20.340	0.46	0.19	0.63
20.360	0.47	0.21	0.88
20.380	0.47	0.23	0.55
20.400	0.47	0.23	0.30
20.420	0.48	0.24	0.64
20.440	0.48	0.26	0.65
20.460	0.49	0.27	0.54
20.480	0.49	0.28	0.55
20.500	0.50	0.29	0.33
20.520	0.51	0.29	0.13
20.540	0.51	0.29	1.29
20.560	0.52	0.34	1.48
20.580	0.53	0.35	-1.18
20.600	0.53	0.30	-1.28
20.620	0.54	0.30	0.12
20.640	0.54	0.30	0.02
20.660	0.55	0.30	-0.21
20.680	0.56	0.29	-0.21
20.700	0.56	0.29	-0.20
20.720	0.57	0.28	-0.43
20.740	0.57	0.28	-0.43
20.760	0.58	0.27	-0.46
20.780	0.58	0.26	-0.08
20.800	0.59	0.26	-0.50
20.820	0.59	0.24	0.31
20.840	0.60	0.28	0.75
20.860	0.61	0.27	-1.93
20.880	0.61	0.20	-2.05
20.900	0.61	0.19	-0.64
20.920	0.62	0.17	-0.63
20.940	0.62	0.16	-0.74
20.960	0.62	0.14	-0.86
20.980	0.63	0.13	-0.85
21.000	0.63	0.11	-0.97
21.020	0.63	0.09	-0.97
21.040	0.63	0.07	-0.96
21.060	0.63	0.05	-1.08
21.080	0.63	0.03	-0.98
21.100	0.63	0.01	-0.87
21.120	0.63	-0.01	-0.76
21.140	0.63	-0.02	-0.64
21.160	0.63	-0.03	-0.72
21.180	0.63	-0.05	-1.08
21.200	0.63	-0.08	-1.00
21.220	0.63	-0.09	-1.93
21.240	0.63	-0.15	-2.26
21.260	0.62	-0.18	0.30
21.280	0.62	-0.14	0.65
21.300	0.62	-0.15	-0.75
21.320	0.61	-0.17	-0.78
21.340	0.61	-0.18	-0.43
21.360	0.61	-0.19	-0.40
21.380	0.60	-0.20	-0.78
21.400	0.60	-0.22	-0.47
21.420	0.59	-0.22	0.04
21.440	0.59	-0.22	-0.31
21.460	0.59	-0.23	-1.96
21.480	0.58	-0.30	-0.33
21.500	0.57	-0.24	1.28
21.520	0.57	-0.25	-1.50
21.540	0.56	-0.31	-0.22
21.560	0.56	-0.25	1.39
21.580	0.55	-0.25	0.12
21.600	0.55	-0.25	-0.11
21.620	0.54	-0.25	-0.13
21.640	0.54	-0.25	0.21
21.660	0.53	-0.25	0.34
21.680	0.53	-0.24	0.11
21.700	0.52	-0.24	0.09
21.720	0.52	-0.24	0.32
21.740	0.51	-0.23	0.42
21.760	0.51	-0.22	0.54
21.780	0.51	-0.21	0.55
21.800	0.50	-0.20	0.42
21.820	0.50	-0.19	0.54
21.840	0.49	-0.18	0.54
21.860	0.49	-0.17	0.53
21.880	0.49	-0.16	0.65
21.900	0.48	-0.14	0.65
21.920	0.48	-0.13	0.64
21.940	0.48	-0.12	0.75
21.960	0.48	-0.10	0.76
21.980	0.48	-0.09	0.63
22.000	0.47	-0.07	0.86
22.020	0.47	-0.05	0.88
22.040	0.47	-0.04	0.64
22.060	0.47	-0.03	0.75
22.080	0.47	-0.01	0.87
22.100	0.47	0.01	0.76
22.120	0.47	0.02	0.64
22.140	0.47	0.03	0.75
22.160	0.47	0.05	0.75
22.180	0.47	0.06	0.74
22.200	0.47	0.08	0.87
22.220	0.48	0.10	0.65
22.240	0.48	0.11	0.52
22.260	0.48	0.12	0.76
22.280	0.48	0.14	0.66
22.300	0.49	0.15	0.42
22.320	0.49	0.15	0.54
22.340	0.49	0.17	0.54
22.360	0.50	0.18	0.54
22.380	0.50	0.19	0.54
22.400	0.50	0.20	0.43
22.420	0.51	0.21	0.36
22.440	0.51	0.21	1.30
22.460	0.52	0.26	1.33
22.480	0.52	0.27	-0.84
22.500	0.53	0.22	-1.16
22.520	0.53	0.22	0.11
22.540	0.54	0.23	0.13
22.560	0.54	0.22	-0.23
22.580	0.54	0.22	2.80E-4
22.600	0.55	0.22	0.02
22.620	0.55	0.22	-0.21
22.640	0.56	0.22	-0.33
22.660	0.56	0.21	-0.24
22.680	0.57	0.21	0.13
22.700	0.57	0.21	-0.17
22.720	0.57	0.20	-0.75
22.740	0.58	0.18	-0.77
22.760	0.58	0.17	-0.57
22.780	0.58	0.16	-0.10
22.800	0.59	0.16	-0.17
22.820	0.59	0.15	-0.76
22.840	0.59	0.13	-0.65
22.860	0.60	0.13	-0.52
22.880	0.60	0.11	-0.75
22.900	0.60	0.10	-0.75
22.920	0.60	0.08	-0.74
22.940	0.60	0.07	-0.88
22.960	0.61	0.05	-0.64
22.980	0.61	0.04	-0.63
23.000	0.61	0.02	-0.88
23.020	0.61	0.01	-0.64
23.040	0.61	0.00	-0.63
23.060	0.61	-0.02	-0.88
23.080	0.61	-0.04	-0.63
23.100	0.61	-0.05	-0.86
23.120	0.60	-0.07	-0.88
23.140	0.60	-0.08	-0.64
23.160	0.60	-0.10	-0.76
23.180	0.60	-0.11	-0.62
23.200	0.60	-0.12	-1.03
23.220	0.59	-0.15	-0.25
23.240	0.59	-0.13	0.30
23.260	0.59	-0.14	-0.76
23.280	0.59	-0.16	-0.66
23.300	0.58	-0.17	-0.42
23.320	0.58	-0.18	-0.56
23.340	0.57	-0.19	-0.23
23.360	0.57	-0.19	-1.39
23.380	0.57	-0.24	-1.70
23.400	0.56	-0.26	0.83
23.420	0.56	-0.21	1.28
23.440	0.55	-0.21	0.02
23.460	0.55	-0.21	-0.23
23.480	0.54	-0.22	-0.02
23.500	0.54	-0.21	0.23
23.520	0.54	-0.21	0.01
23.540	0.53	-0.21	-0.12
23.560	0.53	-0.21	0.10
23.580	0.52	-0.21	0.22
23.600	0.52	-0.20	0.21
23.620	0.52	-0.20	0.31
23.640	0.51	-0.19	0.44
23.660	0.51	-0.18	0.32
23.680	0.50	-0.18	0.32
23.700	0.50	-0.17	0.43
23.720	0.50	-0.16	0.42
23.740	0.49	-0.15	0.53
23.760	0.49	-0.14	0.65
23.780	0.49	-0.13	0.54
23.800	0.49	-0.12	0.52
23.820	0.48	-0.10	0.75
23.840	0.48	-0.09	0.77
23.860	0.48	-0.07	0.54
23.880	0.48	-0.07	0.52
23.900	0.48	-0.05	0.75
23.920	0.48	-0.04	0.87
23.940	0.48	-0.02	0.76
23.960	0.48	-0.01	0.64
23.980	0.48	0.01	0.75
24.000	0.48	0.02	0.76
24.020	0.48	0.04	0.64
24.040	0.48	0.05	0.64
24.060	0.48	0.06	0.74
24.080	0.48	0.08	0.87
24.100	0.48	0.10	0.64
24.120	0.48	0.11	0.63
24.140	0.49	0.12	0.88
24.160	0.49	0.14	0.55
24.180	0.49	0.15	0.31
24.200	0.50	0.15	0.53
24.220	0.50	0.17	0.64
24.240	0.50	0.18	0.65
24.260	0.51	0.19	0.54
24.280	0.51	0.20	0.44
24.300	0.51	0.21	0.24
24.320	0.52	0.21	1.39
24.340	0.52	0.27	1.69
24.360	0.53	0.28	-0.96
24.380	0.53	0.23	-1.17
24.400	0.54	0.23	0.21
24.420	0.54	0.24	0.23
24.440	0.55	0.24	0.03
24.460	0.55	0.24	-0.34
24.480	0.56	0.23	-0.14
24.500	0.56	0.23	0.33
24.520	0.57	0.24	0.27
24.540	0.57	0.24	-0.38
24.560	0.58	0.23	-1.01
24.580	0.58	0.20	-0.48
24.600	0.58	0.21	0.26
24.620	0.59	0.21	-0.29
24.640	0.59	0.19	-0.65
24.660	0.60	0.19	-0.64
24.680	0.60	0.17	0.63
24.700	0.60	0.21	1.08
24.720	0.61	0.21	-1.59
24.740	0.61	0.15	-1.91
24.760	0.61	0.14	-0.85
24.780	0.62	0.11	-0.99
24.800	0.62	0.10	-0.75
24.820	0.62	0.08	-0.76
24.840	0.62	0.07	-0.64
24.860	0.62	0.06	-0.62
24.880	0.62	0.04	-0.83
24.900	0.62	0.02	-2.51
24.920	0.63	-0.06	-2.43
24.940	0.62	-0.07	2.43
24.960	0.62	0.04	0.54
24.980	0.62	-0.05	-2.17
25.000	0.62	-0.05	-0.60
25.020	0.62	-0.08	-1.16
25.040	0.62	-0.10	-1.33
25.060	0.62	-0.13	-2.38
25.080	0.61	-0.19	0.40
25.100	0.61	-0.11	0.95
25.120	0.61	-0.15	-1.46
25.140	0.60	-0.17	-0.77
25.160	0.60	-0.18	-0.51
25.180	0.60	-0.19	-0.84
25.200	0.59	-0.22	-1.15
25.220	0.59	-0.24	-0.24
25.240	0.58	-0.23	0.25
25.260	0.58	-0.23	-1.61
25.280	0.57	-0.29	-1.83
25.300	0.57	-0.30	0.97
25.320	0.56	-0.25	1.07
25.340	0.56	-0.26	-0.22
25.360	0.55	-0.26	-0.22
25.380	0.55	-0.27	-0.11
25.400	0.54	-0.27	-0.12
25.420	0.54	-0.27	-0.01
25.440	0.53	-0.27	0.12
25.460	0.53	-0.27	-0.12
25.480	0.52	-0.27	0.09
25.500	0.51	-0.26	0.34
25.520	0.51	-0.26	0.10
25.540	0.50	-0.26	0.19
25.560	0.50	-0.25	0.54
25.580	0.49	-0.24	0.55
25.600	0.49	-0.23	0.43
25.620	0.49	-0.22	0.43
25.640	0.48	-0.21	0.42
25.660	0.48	-0.20	0.53
25.680	0.47	-0.19	0.65
25.700	0.47	-0.18	0.64
25.720	0.47	-0.16	0.75
25.740	0.46	-0.15	0.75
25.760	0.46	-0.13	0.75
25.780	0.46	-0.12	0.87
25.800	0.46	-0.10	0.75
25.820	0.45	-0.09	0.75
25.840	0.45	-0.07	0.85
25.860	0.45	-0.05	0.97
25.880	0.45	-0.03	0.98
25.900	0.45	-0.01	0.75
25.920	0.45	0.00	0.74
25.940	0.45	0.02	0.96
25.960	0.45	0.04	1.08
25.980	0.45	0.06	0.97
26.000	0.45	0.08	0.86
26.020	0.45	0.09	0.86
26.040	0.46	0.11	0.86
26.060	0.46	0.13	0.87
26.080	0.46	0.15	0.76
26.100	0.46	0.16	0.64
26.120	0.47	0.17	0.74
26.140	0.47	0.19	0.87
26.160	0.47	0.21	0.76
26.180	0.48	0.22	0.64
26.200	0.48	0.23	0.76
26.220	0.49	0.25	0.65
26.240	0.49	0.26	0.54
26.260	0.50	0.27	0.55
26.280	0.50	0.28	0.32
26.300	0.51	0.28	0.24
26.320	0.52	0.29	1.40
26.340	0.52	0.34	1.45
26.360	0.53	0.35	-0.86
26.380	0.53	0.30	-0.92
26.400	0.54	0.31	-0.03
26.420	0.55	0.30	0.33
26.440	0.55	0.32	0.28
26.460	0.56	0.31	-0.57
26.480	0.57	0.30	-0.08
26.500	0.57	0.31	-0.42
26.520	0.58	0.28	-0.60
26.540	0.58	0.29	0.26
26.560	0.59	0.29	-0.30
26.580	0.60	0.28	-0.66
26.600	0.60	0.27	0.88
26.620	0.61	0.31	0.86
26.640	0.61	0.30	-1.83
26.660	0.62	0.24	-1.93
26.680	0.62	0.22	-0.64
26.700	0.63	0.21	-0.62
26.720	0.63	0.20	-0.83
26.740	0.64	0.18	-1.20
26.760	0.64	0.15	-1.02
26.780	0.64	0.14	-0.38
26.800	0.64	0.14	-1.08
26.820	0.65	0.09	0.33
26.840	0.65	0.15	-0.68
26.860	0.65	0.07	-4.30
26.880	0.65	-0.02	-0.66
26.900	0.65	0.04	0.93
26.920	0.65	0.01	-1.07
26.940	0.65	0.00	-1.04
26.960	0.65	-0.03	-1.43
26.980	0.65	-0.06	-1.11
27.000	0.65	-0.07	-0.74
27.020	0.65	-0.09	-0.71
27.040	0.65	-0.10	-2.60
27.060	0.64	-0.19	-1.39
27.080	0.64	-0.16	2.54
27.100	0.64	-0.09	-0.48
27.120	0.63	-0.17	-3.80
27.140	0.63	-0.24	-2.33
27.160	0.62	-0.27	-0.25
27.180	0.62	-0.25	0.11
27.200	0.61	-0.26	0.14
27.220	0.61	-0.25	-0.17
27.240	0.60	-0.27	-0.67
27.260	0.60	-0.27	-1.81
27.280	0.59	-0.34	-0.89
27.300	0.59	-0.31	2.45
27.320	0.58	-0.24	-1.28
27.340	0.58	-0.36	-3.12
27.360	0.57	-0.37	1.08
27.380	0.56	-0.32	1.07
27.400	0.55	-0.33	-0.24
27.420	0.55	-0.33	0.12
27.440	0.54	-0.32	0.01
27.460	0.53	-0.33	-0.12
27.480	0.53	-0.33	0.10
27.500	0.52	-0.32	0.22
27.520	0.52	-0.32	0.10
27.540	0.51	-0.32	0.19
27.560	0.50	-0.31	0.55
27.580	0.50	-0.30	0.43
27.600	0.49	-0.29	0.42
27.620	0.48	-0.28	0.66
27.640	0.48	-0.27	0.43
27.660	0.47	-0.26	0.41
27.680	0.47	-0.25	0.75
27.700	0.46	-0.23	0.87
27.720	0.46	-0.22	0.76
27.740	0.46	-0.20	0.64
27.760	0.45	-0.19	0.74
27.780	0.45	-0.17	0.97
27.800	0.44	-0.15	0.98
27.820	0.44	-0.13	0.75
27.840	0.44	-0.12	0.85
27.860	0.44	-0.10	1.08
27.880	0.44	-0.08	1.08
27.900	0.43	-0.06	1.08
27.920	0.43	-0.04	0.97
27.940	0.43	-0.02	0.96
27.960	0.43	0.00	1.08
27.980	0.43	0.02	0.97
28.000	0.43	0.04	0.96
28.020	0.43	0.06	1.08
28.040	0.44	0.08	0.97
28.060	0.44	0.10	0.85
28.080	0.44	0.12	0.96
28.100	0.44	0.14	1.09
28.120	0.45	0.16	0.87
28.140	0.45	0.18	0.74
28.160	0.45	0.19	0.87
28.180	0.46	0.21	0.75
28.200	0.46	0.22	0.75
28.220	0.47	0.24	0.76
28.240	0.47	0.25	0.64
28.260	0.48	0.27	0.64
28.280	0.48	0.28	0.65
28.300	0.49	0.29	0.54
28.320	0.49	0.30	0.53
28.340	0.50	0.31	0.59
28.360	0.51	0.32	1.42
28.380	0.51	0.37	1.23
28.400	0.52	0.37	-0.97
28.420	0.53	0.33	-0.93
28.440	0.53	0.34	0.13
28.460	0.54	0.34	-0.22
28.480	0.55	0.33	-0.11
28.500	0.55	0.33	-0.09
28.520	0.56	0.32	-0.38
28.540	0.57	0.32	0.35
28.560	0.57	0.34	0.08
28.580	0.58	0.32	-1.01
28.600	0.59	0.30	-0.44
28.620	0.59	0.30	-0.41
28.640	0.60	0.28	0.62
28.660	0.60	0.33	1.21
28.680	0.61	0.33	-1.82
28.700	0.62	0.25	-2.03
28.720	0.62	0.25	-0.85
28.740	0.63	0.22	-1.00
28.760	0.63	0.21	-0.52
28.780	0.63	0.20	-0.73
28.800	0.64	0.18	-0.99
28.820	0.64	0.16	-0.72
28.840	0.64	0.15	-1.05
28.860	0.65	0.12	-1.33
28.880	0.65	0.10	-0.86
28.900	0.65	0.08	-0.84
28.920	0.65	0.06	-1.08
28.940	0.65	0.04	-0.98
28.960	0.65	0.02	-0.84
28.980	0.65	0.01	-1.06
29.000	0.65	-0.02	-1.20
29.020	0.65	-0.04	-0.99
29.040	0.65	-0.06	-0.75
29.060	0.65	-0.07	-0.72
29.080	0.65	-0.09	-1.08
29.100	0.65	-0.11	-1.11
29.120	0.64	-0.13	-0.61
29.140	0.64	-0.14	-2.25
29.160	0.64	-0.22	-2.67
29.180	0.63	-0.25	0.85
29.200	0.63	-0.19	1.18
29.220	0.63	-0.20	-1.30
29.240	0.62	-0.24	-1.25
29.260	0.62	-0.25	-0.42
29.280	0.61	-0.26	-0.54
29.300	0.61	-0.27	-0.55
29.320	0.60	-0.28	-0.46
29.340	0.59	-0.29	0.00
29.360	0.59	-0.28	-1.38
29.380	0.58	-0.34	-1.83
29.400	0.58	-0.35	0.96
29.420	0.57	-0.31	1.17
29.440	0.56	-0.31	0.02
29.460	0.56	-0.30	-0.22
29.480	0.55	-0.31	-0.13
29.500	0.54	-0.31	0.23
29.520	0.54	-0.31	3.88E-4
29.540	0.53	-0.31	-0.02
29.560	0.53	-0.31	0.32
29.580	0.52	-0.30	0.33
29.600	0.51	-0.29	0.20
29.620	0.51	-0.29	0.42
29.640	0.50	-0.28	0.55
29.660	0.50	-0.27	0.42
29.680	0.49	-0.26	0.54
29.700	0.49	-0.25	0.54
29.720	0.48	-0.24	0.52
29.740	0.48	-0.22	0.75
29.760	0.47	-0.21	0.76
29.780	0.47	-0.19	0.64
29.800	0.47	-0.18	0.75
29.820	0.46	-0.16	0.86
29.840	0.46	-0.15	0.86
29.860	0.46	-0.13	0.87
29.880	0.45	-0.11	0.75
29.900	0.45	-0.10	0.74
29.920	0.45	-0.08	0.97
29.940	0.45	-0.06	0.97
29.960	0.45	-0.04	0.97
29.980	0.45	-0.02	0.97
30.000	0.45	-0.01	0.85
30.020	0.45	0.01	0.97
30.040	0.45	0.03	0.98
30.060	0.45	0.05	0.75
30.080	0.45	0.06	0.74
30.100	0.45	0.08	0.97
30.120	0.45	0.10	0.98
30.140	0.45	0.12	0.76
30.160	0.46	0.13	0.64
30.180	0.46	0.14	0.74
30.200	0.46	0.16	0.87
30.220	0.47	0.18	0.76
30.240	0.47	0.19	0.64
30.260	0.47	0.21	0.64
30.280	0.48	0.22	0.66
30.300	0.48	0.23	0.43
30.320	0.49	0.24	0.42
30.340	0.49	0.25	0.57
30.360	0.50	0.26	0.00
30.380	0.50	0.25	1.49
30.400	0.51	0.32	1.93
30.420	0.51	0.33	-1.18
30.440	0.52	0.27	-1.29
30.460	0.53	0.27	0.35
30.480	0.53	0.28	0.02
30.500	0.54	0.28	-0.36
30.520	0.54	0.27	0.13
30.540	0.55	0.28	-0.10
30.560	0.55	0.27	-0.24
30.580	0.56	0.27	0.18
30.600	0.56	0.27	-0.77
30.620	0.57	0.24	-0.60
30.640	0.57	0.25	0.30
30.660	0.58	0.25	-0.77
30.680	0.58	0.22	-0.59
30.700	0.59	0.23	0.17
30.720	0.59	0.23	-0.63
30.740	0.60	0.20	-0.88
30.760	0.60	0.19	-0.64
30.780	0.60	0.18	-0.63
30.800	0.61	0.16	-0.75
30.820	0.61	0.15	-0.77
30.840	0.61	0.13	-0.53
30.860	0.62	0.13	-0.62
30.880	0.62	0.11	-0.97
30.900	0.62	0.09	-0.99
30.920	0.62	0.07	-0.76
30.940	0.62	0.06	-0.62
30.960	0.62	0.05	-0.97
30.980	0.63	0.02	-1.00
31.000	0.63	0.01	-0.63
31.020	0.63	-0.01	-0.83
31.040	0.63	-0.03	-1.21
31.060	0.62	-0.06	-0.91
31.080	0.62	-0.06	-0.29
31.100	0.62	-0.07	-0.62
31.120	0.62	-0.09	-1.01
31.140	0.62	-0.11	-0.54
31.160	0.62	-0.11	-0.49
31.180	0.61	-0.13	-1.10
31.200	0.61	-0.15	-0.79
31.220	0.61	-0.16	-0.30
31.240	0.60	-0.17	-0.54
31.260	0.60	-0.18	-0.56
31.280	0.60	-0.19	-0.32
31.300	0.59	-0.19	-0.31
31.320	0.59	-0.20	-0.32
31.340	0.59	-0.21	-1.74
31.360	0.58	-0.27	-1.73
31.380	0.57	-0.28	1.20
31.400	0.57	-0.22	1.07
31.420	0.57	-0.23	-0.22
31.440	0.56	-0.23	-0.11
31.460	0.56	-0.24	-0.12
31.480	0.55	-0.24	0.11
31.500	0.55	-0.23	0.12
31.520	0.54	-0.23	-0.01
31.540	0.54	-0.23	0.10
31.560	0.53	-0.23	0.22
31.580	0.53	-0.22	0.21
31.600	0.52	-0.22	0.32
31.620	0.52	-0.21	0.33
31.640	0.52	-0.21	0.21
31.660	0.51	-0.20	0.31
31.680	0.51	-0.19	0.53
31.700	0.50	-0.18	0.65
31.720	0.50	-0.17	0.55
31.740	0.50	-0.16	0.32
31.760	0.49	-0.16	0.41
31.780	0.49	-0.14	0.75
31.800	0.49	-0.13	0.76
31.820	0.49	-0.11	0.65
31.840	0.48	-0.10	0.65
31.860	0.48	-0.09	0.65
31.880	0.48	-0.07	0.65
31.900	0.48	-0.06	0.64
31.920	0.48	-0.05	0.75
31.940	0.48	-0.03	0.87
31.960	0.48	-0.01	0.76
31.980	0.48	-8.93E-4	0.64
32.000	0.48	0.01	0.64
32.020	0.48	0.02	0.64
32.040	0.48	0.04	0.64
32.060	0.48	0.05	0.74
32.080	0.48	0.07	0.87
32.100	0.48	0.09	0.65
32.120	0.48	0.09	0.51
32.140	0.48	0.11	0.87
32.160	0.49	0.13	0.68
32.180	0.49	0.13	0.08
32.200	0.49	0.13	0.41
32.220	0.50	0.15	0.77
32.240	0.50	0.16	0.44
32.260	0.50	0.17	0.32
32.280	0.51	0.18	0.23
32.300	0.51	0.18	1.50
32.320	0.51	0.24	1.70
32.340	0.52	0.24	-1.08
32.360	0.52	0.19	-1.06
32.380	0.53	0.20	0.35
32.400	0.53	0.21	0.02
32.420	0.53	0.20	-0.23
32.440	0.54	0.20	-0.02
32.460	0.54	0.20	0.25
32.480	0.55	0.21	-0.20
32.500	0.55	0.19	-0.47
32.520	0.55	0.19	0.12
32.540	0.56	0.20	0.03
32.560	0.56	0.19	-0.33
32.580	0.57	0.19	-0.21
32.600	0.57	0.18	-0.21
32.620	0.57	0.18	-0.21
32.640	0.58	0.17	-0.30
32.660	0.58	0.16	-0.49
32.680	0.58	0.15	-1.08
32.700	0.59	0.12	-1.07
32.720	0.59	0.11	0.24
32.740	0.59	0.13	-0.05
32.760	0.59	0.11	-0.76
32.780	0.59	0.10	-0.60
32.800	0.60	0.08	-1.26
32.820	0.60	0.05	-0.36
32.840	0.60	0.07	0.23
32.860	0.60	0.06	-1.29
32.880	0.60	0.02	-1.36
32.900	0.60	0.00	-0.43
32.920	0.60	0.00	-0.42
32.940	0.60	-0.01	-0.55
32.960	0.60	-0.02	-0.41
32.980	0.60	-0.03	-0.63
33.000	0.60	-0.05	-0.88
33.020	0.60	-0.06	-0.64
33.040	0.60	-0.07	-0.74
33.060	0.60	-0.09	-0.91
33.080	0.59	-0.11	-0.21
33.100	0.59	-0.10	-1.59
33.120	0.59	-0.17	-2.28
33.140	0.58	-0.19	2.14
33.160	0.58	-0.09	2.61
33.180	0.58	-0.09	-1.74
33.200	0.58	-0.15	-3.02
33.220	0.58	-0.21	-1.69
33.240	0.57	-0.22	0.74
33.260	0.57	-0.18	0.94
33.280	0.56	-0.18	-0.11
33.300	0.56	-0.18	-0.10
33.320	0.56	-0.19	-0.22
33.340	0.55	-0.19	-0.11
33.360	0.55	-0.19	-0.12
33.380	0.54	-0.20	-0.01
33.400	0.54	-0.19	0.12
33.420	0.54	-0.19	-0.01
33.440	0.53	-0.19	0.11
33.460	0.53	-0.19	0.12
33.480	0.52	-0.19	-0.02
33.500	0.52	-0.19	0.20
33.520	0.52	-0.18	0.45
33.540	0.51	-0.17	0.22
33.560	0.51	-0.17	0.19
33.580	0.51	-0.16	0.54
33.600	0.50	-0.15	0.55
33.620	0.50	-0.14	0.43
33.640	0.50	-0.13	0.42
33.660	0.49	-0.13	0.54
33.680	0.49	-0.11	0.55
33.700	0.49	-0.10	0.42
33.720	0.49	-0.10	0.64
33.740	0.49	-0.08	0.77
33.760	0.49	-0.07	0.54
33.780	0.48	-0.06	0.52
33.800	0.48	-0.04	0.75
33.820	0.48	-0.03	0.76
33.840	0.48	-0.01	0.64
33.860	0.48	0.00	0.75
33.880	0.48	0.02	0.77
33.900	0.48	0.03	0.54
33.920	0.48	0.04	0.52
33.940	0.48	0.05	0.75
33.960	0.48	0.07	0.76
33.980	0.49	0.08	0.64
34.000	0.49	0.09	0.64
34.020	0.49	0.11	0.64
34.040	0.49	0.12	0.64
34.060	0.49	0.13	0.65
34.080	0.50	0.15	0.56
34.100	0.50	0.15	0.21
34.120	0.50	0.15	0.30
34.140	0.51	0.17	0.66
34.160	0.51	0.18	0.34
34.180	0.51	0.18	1.61
34.200	0.52	0.24	1.82
34.220	0.52	0.25	-1.20
34.240	0.53	0.20	-1.08
34.260	0.53	0.21	0.59
34.280	0.54	0.22	-0.11
34.300	0.54	0.21	-0.13
34.320	0.54	0.21	0.25
34.340	0.55	0.22	-0.23
34.360	0.55	0.21	-0.01
34.380	0.56	0.22	0.12
34.400	0.56	0.21	-0.13
34.420	0.57	0.21	0.23
34.440	0.57	0.22	0.04
34.460	0.57	0.21	-0.55
34.480	0.58	0.20	-0.44
34.500	0.58	0.19	-0.30
34.520	0.59	0.19	-0.54
34.540	0.59	0.17	-0.54
34.560	0.59	0.16	-0.53
34.580	0.60	0.15	-0.68
34.600	0.60	0.14	-0.22
34.620	0.60	0.14	-0.04
34.640	0.61	0.14	-0.86
34.660	0.61	0.11	-0.90
34.680	0.61	0.10	-0.41
34.700	0.61	0.09	-0.64
34.720	0.61	0.07	-0.74
34.740	0.61	0.06	-0.86
34.760	0.62	0.04	-0.89
34.780	0.62	0.03	-0.53
34.800	0.62	0.02	-0.63
34.820	0.62	0.00	-0.86
34.840	0.62	-0.02	-0.87
34.860	0.62	-0.03	-0.76
34.880	0.62	-0.05	-0.64
34.900	0.61	-0.06	-0.74
34.920	0.61	-0.08	-0.86
34.940	0.61	-0.09	-0.88
34.960	0.61	-0.11	-0.66
34.980	0.61	-0.12	-0.51
35.000	0.60	-0.13	-0.88
35.020	0.60	-0.15	-0.67
35.040	0.60	-0.16	-0.31
35.060	0.60	-0.17	-0.33
35.080	0.59	-0.17	-1.60
35.100	0.59	-0.23	-2.03
35.120	0.58	-0.25	0.51
35.140	0.58	-0.21	0.96
35.160	0.57	-0.21	-0.31
35.180	0.57	-0.22	-0.44
35.200	0.57	-0.23	-0.33
35.220	0.56	-0.24	-0.22
35.240	0.56	-0.24	-0.11
35.260	0.55	-0.24	-0.10
35.280	0.55	-0.24	-0.22
35.300	0.54	-0.25	-0.12
35.320	0.54	-0.25	1.11E-12
35.340	0.53	-0.25	-0.01
35.360	0.53	-0.25	0.10
35.380	0.52	-0.25	0.22
35.400	0.52	-0.24	0.11
35.420	0.51	-0.24	0.09
35.440	0.51	-0.24	0.32
35.460	0.50	-0.23	0.32
35.480	0.50	-0.22	0.31
35.500	0.49	-0.22	0.54
35.520	0.49	-0.20	0.55
35.540	0.48	-0.19	0.43
35.560	0.48	-0.19	0.42
35.580	0.48	-0.18	0.52
35.600	0.47	-0.16	0.76
35.620	0.47	-0.15	0.65
35.640	0.47	-0.14	0.52
35.660	0.47	-0.13	0.86
35.680	0.46	-0.10	0.88
35.700	0.46	-0.09	0.64
35.720	0.46	-0.08	0.75
35.740	0.46	-0.06	0.87
35.760	0.46	-0.04	0.75
35.780	0.46	-0.03	0.75
35.800	0.46	-0.01	0.86
35.820	0.46	0.00	0.85
35.840	0.46	0.02	0.97
35.860	0.46	0.04	0.87
35.880	0.46	0.06	0.64
35.900	0.46	0.07	0.74
35.920	0.46	0.08	0.97
35.940	0.46	0.11	0.99
35.960	0.46	0.12	0.64
35.980	0.47	0.13	0.63
36.000	0.47	0.15	0.87
36.020	0.47	0.17	0.76
36.040	0.48	0.18	0.64
36.060	0.48	0.19	0.64
36.080	0.48	0.21	0.75
36.100	0.49	0.22	0.77
36.120	0.49	0.24	0.44
36.140	0.50	0.24	0.22
36.160	0.50	0.24	1.73
36.180	0.51	0.31	1.69
36.200	0.51	0.31	-1.09
36.220	0.52	0.27	-0.95
36.240	0.53	0.27	0.34
36.260	0.53	0.28	0.12
36.280	0.54	0.28	-0.01
36.300	0.54	0.28	0.10
36.320	0.55	0.28	0.21
36.340	0.55	0.29	0.25
36.360	0.56	0.29	-0.21
36.380	0.57	0.28	-0.35
36.400	0.57	0.28	0.04
36.420	0.58	0.28	-0.43
36.440	0.58	0.26	-0.46
36.460	0.59	0.26	-0.06
36.480	0.59	0.26	-0.65
36.500	0.60	0.24	-0.58
36.520	0.60	0.24	0.04
36.540	0.61	0.24	-0.52
36.560	0.61	0.22	0.54
36.580	0.62	0.26	0.77
36.600	0.62	0.25	-2.05
36.620	0.63	0.18	-2.04
36.640	0.63	0.16	-0.73
36.660	0.63	0.15	-0.98
36.680	0.63	0.13	-0.88
36.700	0.64	0.11	-0.63
36.720	0.64	0.10	-0.73
36.740	0.64	0.08	-0.97
36.760	0.64	0.06	-0.99
36.780	0.64	0.04	-0.73
36.800	0.64	0.03	-0.97
36.820	0.64	0.01	-0.86
36.840	0.64	0.00	-2.26
36.860	0.64	-0.08	-1.23
36.880	0.64	-0.05	2.21
36.900	0.64	0.00	-2.15
36.920	0.64	-0.14	-3.82
36.940	0.64	-0.15	0.69
36.960	0.64	-0.11	0.23
36.980	0.63	-0.14	-1.24
37.000	0.63	-0.16	-0.53
37.020	0.63	-0.16	-0.61
37.040	0.62	-0.18	-1.11
37.060	0.62	-0.21	-0.77
37.080	0.61	-0.21	-0.53
37.100	0.61	-0.23	-0.66
37.120	0.61	-0.24	-0.44
37.140	0.60	-0.24	-1.82
37.160	0.60	-0.31	-0.66
37.180	0.59	-0.27	1.06
37.200	0.59	-0.27	-1.61
37.220	0.58	-0.34	-0.31
37.240	0.57	-0.28	0.97
37.260	0.57	-0.30	-0.46
37.280	0.56	-0.30	-0.11
37.300	0.55	-0.30	-0.12
37.320	0.55	-0.31	-3.76E-4
37.340	0.54	-0.30	0.01
37.360	0.54	-0.31	-0.12
37.380	0.53	-0.31	0.10
37.400	0.52	-0.30	0.22
37.420	0.52	-0.30	0.11
37.440	0.51	-0.30	0.08
37.460	0.51	-0.29	0.42
37.480	0.50	-0.28	0.55
37.500	0.49	-0.27	0.43
37.520	0.49	-0.26	0.43
37.540	0.48	-0.25	0.42
37.560	0.48	-0.25	0.53
37.580	0.47	-0.23	0.65
37.600	0.47	-0.22	0.64
37.620	0.47	-0.21	0.75
37.640	0.46	-0.19	0.75
37.660	0.46	-0.18	0.75
37.680	0.45	-0.16	0.87
37.700	0.45	-0.14	0.75
37.720	0.45	-0.13	0.75
37.740	0.45	-0.11	0.85
37.760	0.44	-0.10	0.97
37.780	0.44	-0.07	0.98
37.800	0.44	-0.06	0.85
37.820	0.44	-0.04	0.96
37.840	0.44	-0.02	1.08
37.860	0.44	0.00	0.97
37.880	0.44	0.02	0.85
37.900	0.44	0.04	0.97
37.920	0.44	0.06	0.98
37.940	0.44	0.08	0.74
37.960	0.44	0.09	0.85
37.980	0.45	0.11	1.09
38.000	0.45	0.13	0.87
38.020	0.45	0.15	0.74
38.040	0.45	0.16	0.87
38.060	0.46	0.18	0.76
38.080	0.46	0.19	0.64
38.100	0.47	0.21	0.75
38.120	0.47	0.22	0.77
38.140	0.47	0.24	0.53
38.160	0.48	0.24	0.64
38.180	0.48	0.26	0.66
38.200	0.49	0.27	0.43
38.220	0.49	0.28	0.35
38.240	0.50	0.28	1.50
38.260	0.51	0.34	1.69
38.280	0.51	0.35	-0.95
38.300	0.52	0.30	-1.27
38.320	0.53	0.30	-0.02
38.340	0.53	0.30	0.21
38.360	0.54	0.31	0.24
38.380	0.54	0.31	-0.12
38.400	0.55	0.30	0.02
38.420	0.56	0.31	-0.22
38.440	0.56	0.30	-0.11
38.460	0.57	0.31	-0.05
38.480	0.58	0.29	-0.81
38.500	0.58	0.27	0.01
38.520	0.59	0.29	-0.04
38.540	0.59	0.27	-0.90
38.560	0.60	0.26	-0.41
38.580	0.60	0.26	-0.64
38.600	0.61	0.23	-0.67
38.620	0.61	0.23	-0.29
38.640	0.62	0.22	-0.62
38.660	0.62	0.20	-0.86
38.680	0.62	0.19	-0.98
38.700	0.63	0.16	0.44
38.720	0.63	0.20	0.54
38.740	0.64	0.19	-2.04
38.760	0.64	0.12	-2.13
38.780	0.64	0.10	-1.10
38.800	0.64	0.08	-0.75
38.820	0.64	0.07	-0.59
38.840	0.65	0.05	-2.60
38.860	0.65	-0.03	-1.23
38.880	0.64	0.01	0.65
38.900	0.65	-0.01	-0.75
38.920	0.64	-0.02	0.69
38.940	0.65	0.02	-2.26
38.960	0.64	-0.11	-3.77
38.980	0.64	-0.13	0.10
39.000	0.64	-0.11	0.26
39.020	0.64	-0.12	-0.16
39.040	0.63	-0.12	-0.81
39.060	0.63	-0.15	-1.47
39.080	0.63	-0.18	-0.68
39.100	0.63	-0.18	-0.28
39.120	0.62	-0.19	-0.73
39.140	0.62	-0.21	-1.01
39.160	0.61	-0.23	-0.54
39.180	0.61	-0.23	-0.53
39.200	0.60	-0.25	-0.68
39.220	0.60	-0.26	-0.21
39.240	0.59	-0.26	-0.20
39.260	0.59	-0.27	-1.76
39.280	0.58	-0.33	-1.49
39.300	0.58	-0.33	1.09
39.320	0.57	-0.28	0.93
39.340	0.56	-0.29	0.01
39.360	0.56	-0.28	-0.10
39.380	0.55	-0.29	-0.24
39.400	0.55	-0.29	0.10
39.420	0.54	-0.29	0.23
39.440	0.54	-0.28	3.61E-4
39.460	0.53	-0.29	-0.02
39.480	0.52	-0.28	0.32
39.500	0.52	-0.28	0.32
39.520	0.51	-0.27	0.32
39.540	0.51	-0.26	0.43
39.560	0.50	-0.25	0.43
39.580	0.50	-0.25	0.42
39.600	0.49	-0.24	0.53
39.620	0.49	-0.22	0.65
39.640	0.48	-0.21	0.54
39.660	0.48	-0.20	0.52
39.680	0.47	-0.19	0.75
39.700	0.47	-0.17	0.76
39.720	0.47	-0.16	0.64
39.740	0.46	-0.15	0.75
39.760	0.46	-0.13	0.86
39.780	0.46	-0.11	0.86
39.800	0.46	-0.10	0.87
39.820	0.46	-0.08	0.75
39.840	0.45	-0.07	0.75
39.860	0.45	-0.05	0.86
39.880	0.45	-0.03	0.85
39.900	0.45	-0.01	0.97
39.920	0.45	0.01	0.87
39.940	0.45	0.02	0.75
39.960	0.45	0.04	0.86
39.980	0.45	0.05	0.86
40.000	0.45	0.07	0.87
40.020	0.46	0.09	0.76
40.040	0.46	0.10	0.64
40.060	0.46	0.12	0.64
40.080	0.46	0.13	0.74
40.100	0.47	0.14	0.87
40.120	0.47	0.16	0.77
40.140	0.47	0.18	0.54
40.160	0.48	0.18	0.54
40.180	0.48	0.20	0.54
40.200	0.48	0.21	0.53
40.220	0.49	0.22	0.67
40.240	0.49	0.23	0.23
40.260	0.50	0.23	-0.03
40.280	0.50	0.23	0.42
40.300	0.51	0.24	0.56
40.320	0.51	0.25	0.14
40.340	0.52	0.25	1.17
40.360	0.52	0.30	1.48
40.380	0.53	0.31	-1.17
40.400	0.53	0.25	-1.40
40.420	0.54	0.25	0.12
40.440	0.54	0.26	0.02
40.460	0.55	0.25	-0.22
40.480	0.55	0.25	-0.08
40.500	0.56	0.25	-0.42
40.520	0.56	0.23	-0.62
40.540	0.57	0.23	0.47
40.560	0.57	0.25	0.12
40.580	0.58	0.23	-1.45
40.600	0.58	0.19	-0.83
40.620	0.59	0.20	0.27
40.640	0.59	0.20	-0.39
40.660	0.59	0.18	-0.91
40.680	0.60	0.17	-0.21
40.700	0.60	0.17	-0.15
40.720	0.60	0.16	-0.96
40.740	0.61	0.13	-1.11
40.760	0.61	0.12	-0.65
40.780	0.61	0.11	-0.54
40.800	0.61	0.10	-0.52
40.820	0.62	0.09	-0.72
40.840	0.62	0.07	-1.09
40.860	0.62	0.04	-0.87
40.880	0.62	0.03	-0.76
40.900	0.62	0.01	-0.64
40.920	0.62	0.01	-0.63
40.940	0.62	-0.01	-0.86
40.960	0.62	-0.03	-0.88
40.980	0.62	-0.05	-0.65
41.000	0.62	-0.05	-0.51
41.020	0.62	-0.07	-0.86
41.040	0.62	-0.09	-0.88
41.060	0.61	-0.10	-0.66
41.080	0.61	-0.12	-0.55
41.100	0.61	-0.12	-0.42
41.120	0.61	-0.13	-0.52
41.140	0.60	-0.14	-0.76
41.160	0.60	-0.16	-0.67
41.180	0.60	-0.17	-0.32
41.200	0.59	-0.18	-0.31
41.220	0.59	-0.18	-0.44
41.240	0.59	-0.19	-0.23
41.260	0.58	-0.19	-1.39
41.280	0.58	-0.25	-1.71
41.300	0.57	-0.26	0.85
41.320	0.57	-0.21	1.06
41.340	0.56	-0.22	-0.13
41.360	0.56	-0.22	0.12
41.380	0.55	-0.21	0.01
41.400	0.55	-0.22	-0.12
41.420	0.55	-0.22	0.11
41.440	0.54	-0.22	0.11
41.460	0.54	-0.22	0.10
41.480	0.53	-0.21	0.22
41.500	0.53	-0.21	0.22
41.520	0.52	-0.20	0.21
41.540	0.52	-0.20	0.31
41.560	0.52	-0.19	0.44
41.580	0.51	-0.18	0.33
41.600	0.51	-0.18	0.20
41.620	0.51	-0.17	0.41
41.640	0.50	-0.16	0.77
41.660	0.50	-0.14	0.55
41.680	0.50	-0.14	0.30
41.700	0.49	-0.13	0.65
41.720	0.49	-0.11	0.65
41.740	0.49	-0.10	0.54
41.760	0.49	-0.09	0.54
41.780	0.49	-0.08	0.52
41.800	0.48	-0.07	0.87
41.820	0.48	-0.05	0.77
41.840	0.48	-0.04	0.53
41.860	0.48	-0.03	0.65
41.880	0.48	-0.01	0.64
41.900	0.48	0.00	0.74
41.920	0.48	0.02	0.87
41.940	0.48	0.03	0.67
41.960	0.48	0.04	0.31
41.980	0.48	0.05	0.52
42.000	0.48	0.06	0.76
42.020	0.49	0.08	0.65
42.040	0.49	0.09	0.54
42.060	0.49	0.10	0.53
42.080	0.49	0.11	0.67
42.100	0.49	0.12	0.32
42.120	0.50	0.12	0.30
42.140	0.50	0.14	0.66
42.160	0.50	0.15	0.45
42.180	0.50	0.15	0.21
42.200	0.51	0.16	0.21
42.220	0.51	0.16	0.12
42.240	0.51	0.16	1.50
42.260	0.52	0.22	1.69
42.280	0.52	0.23	-0.96
42.300	0.53	0.18	-1.15
42.320	0.53	0.19	-0.12
42.340	0.53	0.18	-0.01
42.360	0.54	0.18	0.12
42.380	0.54	0.18	1.71E-12
42.400	0.55	0.18	0.01
42.420	0.55	0.19	-0.11
42.440	0.55	0.18	-0.11
42.460	0.56	0.18	-0.09
42.480	0.56	0.18	-0.32
42.500	0.56	0.17	-0.32
42.520	0.57	0.16	-0.31
42.540	0.57	0.16	-0.45
42.560	0.57	0.15	-0.22
42.580	0.58	0.15	-0.06
42.600	0.58	0.14	-0.63
42.620	0.58	0.12	-0.91
42.640	0.58	0.11	-0.21
42.660	0.59	0.11	-0.18
42.680	0.59	0.10	-0.66
42.700	0.59	0.09	-0.41
42.720	0.59	0.08	-0.64
42.740	0.59	0.06	-0.79
42.760	0.59	0.05	-0.29
42.780	0.60	0.05	-0.74
42.800	0.60	0.02	-0.91
42.820	0.60	0.01	-0.30
42.840	0.60	0.01	-0.51
42.860	0.60	-0.01	-0.87
42.880	0.60	-0.02	-0.76
42.900	0.60	-0.04	-0.66
42.920	0.59	-0.05	-0.44
42.940	0.59	-0.06	-0.29
42.960	0.59	-0.06	-0.54
42.980	0.59	-0.08	-1.95
43.000	0.59	-0.14	-0.51
43.020	0.59	-0.10	0.73
43.040	0.59	-0.11	-1.96
43.060	0.58	-0.18	1.10
43.080	0.58	-0.07	1.07
43.100	0.58	-0.13	-3.24
43.120	0.57	-0.20	-0.42
43.140	0.57	-0.15	0.95
43.160	0.57	-0.16	-0.22
43.180	0.56	-0.16	-0.09
43.200	0.56	-0.16	-0.32
43.220	0.56	-0.17	-0.34
43.240	0.55	-0.18	-0.12
43.260	0.55	-0.18	0.01
43.280	0.55	-0.18	-0.11
43.300	0.54	-0.18	-0.12
43.320	0.54	-0.18	0.11
43.340	0.54	-0.18	0.12
43.360	0.53	-0.18	-0.02
43.380	0.53	-0.18	0.22
43.400	0.53	-0.17	0.22
43.420	0.52	-0.17	0.09
43.440	0.52	-0.16	0.33
43.460	0.52	-0.15	0.22
43.480	0.51	-0.16	0.19
43.500	0.51	-0.15	0.55
43.520	0.51	-0.13	0.45
43.540	0.50	-0.13	0.19
43.560	0.50	-0.13	0.53
43.580	0.50	-0.11	0.66
43.600	0.50	-0.10	0.43
43.620	0.50	-0.09	0.43
43.640	0.49	-0.08	0.41
43.660	0.49	-0.07	0.76
43.680	0.49	-0.05	0.67
43.700	0.49	-0.05	0.30
43.720	0.49	-0.04	0.64
43.740	0.49	-0.02	0.76
43.760	0.49	-0.01	0.65
43.780	0.49	0.00	0.64
43.800	0.49	0.02	0.76
43.820	0.49	0.03	0.68
43.840	0.49	0.04	0.19
43.860	0.49	0.04	0.51
43.880	0.49	0.06	1.01
43.900	0.49	0.08	0.43
43.920	0.49	0.08	0.40
43.940	0.50	0.10	0.89
43.960	0.50	0.12	0.45
43.980	0.50	0.12	0.10
44.000	0.50	0.12	1.92
44.020	0.51	0.19	0.73
44.040	0.51	0.15	-2.42
44.060	0.51	0.10	1.41
44.080	0.51	0.21	3.06
44.100	0.52	0.22	-0.74
44.120	0.52	0.18	-0.94
44.140	0.53	0.18	0.22
44.160	0.53	0.18	0.12
44.180	0.53	0.18	-0.02
44.200	0.54	0.18	0.21
44.220	0.54	0.19	0.24
44.240	0.55	0.19	-0.12
44.260	0.55	0.19	0.11
44.280	0.55	0.20	0.14
44.300	0.56	0.19	-0.34
44.320	0.56	0.18	-0.12
44.340	0.56	0.19	0.02
44.360	0.57	0.19	-0.21
44.380	0.57	0.18	-0.22
44.400	0.58	0.18	-0.11
44.420	0.58	0.18	-0.08
44.440	0.58	0.17	-0.41
44.460	0.59	0.16	-0.63
44.480	0.59	0.15	-0.78
44.500	0.59	0.13	-0.47
44.520	0.59	0.13	0.05
44.540	0.60	0.13	-0.52
44.560	0.60	0.11	-0.78
44.580	0.60	0.10	-0.41
44.600	0.60	0.09	-0.65
44.620	0.60	0.07	-0.54
44.640	0.61	0.07	-0.51
44.660	0.61	0.05	-0.87
44.680	0.61	0.04	-0.75
44.700	0.61	0.02	-0.76
44.720	0.61	0.01	-0.66
44.740	0.61	0.00	-0.41
44.760	0.61	-0.01	-0.63
44.780	0.61	-0.03	-0.87
44.800	0.61	-0.05	-0.76
44.820	0.61	-0.06	-0.65
44.840	0.61	-0.07	-0.65
44.860	0.60	-0.08	-0.65
44.880	0.60	-0.10	-0.65
44.900	0.60	-0.11	-0.65
44.920	0.60	-0.12	-0.54
44.940	0.60	-0.13	-0.43
44.960	0.59	-0.14	-1.84
44.980	0.59	-0.21	-1.93
45.000	0.58	-0.22	0.75
45.020	0.58	-0.18	0.84
45.040	0.58	-0.18	-0.32
45.060	0.57	-0.19	-0.31
45.080	0.57	-0.20	-0.44
45.100	0.57	-0.21	-0.32
45.120	0.56	-0.21	-0.32
45.140	0.56	-0.22	-0.34
45.160	0.55	-0.22	-0.12
45.180	0.55	-0.22	1.85E-12
45.200	0.54	-0.22	0.01
45.220	0.54	-0.22	-0.11
45.240	0.53	-0.23	-0.12
45.260	0.53	-0.23	0.11
45.280	0.53	-0.22	0.11
45.300	0.52	-0.22	0.11
45.320	0.52	-0.22	0.11
45.340	0.51	-0.22	0.09
45.360	0.51	-0.22	0.32
45.380	0.50	-0.21	0.32
45.400	0.50	-0.20	0.32
45.420	0.50	-0.19	0.42
45.440	0.49	-0.19	0.54
45.460	0.49	-0.17	0.55
45.480	0.49	-0.16	0.42
45.500	0.48	-0.16	0.54
45.520	0.48	-0.14	0.54
45.540	0.48	-0.13	0.53
45.560	0.47	-0.12	0.64
45.580	0.47	-0.11	0.75
45.600	0.47	-0.09	0.76
45.620	0.47	-0.08	0.64
45.640	0.47	-0.07	0.75
45.660	0.46	-0.05	0.75
45.680	0.46	-0.04	0.75
45.700	0.46	-0.02	0.76
45.720	0.46	-0.01	0.64
45.740	0.46	0.01	0.75
45.760	0.46	0.02	0.87
45.780	0.46	0.04	0.75
45.800	0.47	0.05	0.74
45.820	0.47	0.07	0.87
45.840	0.47	0.09	0.76
45.860	0.47	0.10	0.64
45.880	0.47	0.12	0.64
45.900	0.47	0.13	0.75
45.920	0.48	0.15	0.77
45.940	0.48	0.16	0.54
45.960	0.48	0.17	0.53
45.980	0.49	0.18	0.65
46.000	0.49	0.19	0.54
46.020	0.49	0.20	0.42
46.040	0.50	0.21	0.54
46.060	0.50	0.22	0.56
46.080	0.51	0.23	0.13
46.100	0.51	0.23	1.38
46.120	0.52	0.29	1.80
46.140	0.52	0.30	-0.96
46.160	0.53	0.25	-1.17
46.180	0.53	0.25	0.22
46.200	0.54	0.26	0.11
46.220	0.54	0.26	0.11
46.240	0.55	0.26	0.13
46.260	0.55	0.26	-0.22
46.280	0.56	0.25	-0.12
46.300	0.56	0.26	0.15
46.320	0.57	0.26	-0.47
46.340	0.58	0.24	0.00
46.360	0.58	0.26	0.10
46.380	0.59	0.24	-1.25
46.400	0.59	0.21	-0.50
46.420	0.59	0.22	0.48
46.440	0.60	0.23	-0.04
46.460	0.60	0.22	-0.85
46.480	0.61	0.19	-1.01
46.500	0.61	0.18	-0.43
46.520	0.61	0.18	-0.40
46.540	0.62	0.16	-0.74
46.560	0.62	0.15	-0.87
46.580	0.62	0.13	-0.76
46.600	0.63	0.12	-0.62
46.620	0.63	0.11	-0.84
46.640	0.63	0.08	-1.12
46.660	0.63	0.06	-0.56
46.680	0.63	0.06	-0.25
46.700	0.63	0.05	-1.06
46.720	0.64	0.02	-1.22
46.740	0.64	0.00	-0.73
46.760	0.64	-0.01	-0.96
46.780	0.63	-0.04	-1.13
46.800	0.63	-0.06	-0.40
46.820	0.63	-0.05	-0.71
46.840	0.63	-0.08	-1.24
46.860	0.63	-0.10	-0.51
46.880	0.63	-0.10	-0.84
46.900	0.62	-0.14	-1.12
46.920	0.62	-0.15	-0.54
46.940	0.62	-0.16	-0.53
46.960	0.62	-0.17	-0.65
46.980	0.61	-0.18	-0.63
47.000	0.61	-0.20	-0.85
47.020	0.60	-0.22	-1.03
47.040	0.60	-0.24	-0.35
47.060	0.59	-0.23	0.15
47.080	0.59	-0.23	-1.82
47.100	0.59	-0.30	-0.67
47.120	0.58	-0.26	1.18
47.140	0.58	-0.26	-1.61
47.160	0.57	-0.32	-0.32
47.180	0.56	-0.27	1.07
47.200	0.56	-0.28	-0.22
47.220	0.55	-0.28	-0.11
47.240	0.55	-0.28	-0.12
47.260	0.54	-0.28	0.12
47.280	0.53	-0.28	3.56E-4
47.300	0.53	-0.28	-0.02
47.320	0.52	-0.28	0.33
47.340	0.52	-0.27	0.22
47.360	0.51	-0.27	0.09
47.380	0.51	-0.27	0.32
47.400	0.50	-0.26	0.32
47.420	0.50	-0.25	0.42
47.440	0.49	-0.24	0.55
47.460	0.49	-0.23	0.42
47.480	0.48	-0.22	0.54
47.500	0.48	-0.21	0.53
47.520	0.47	-0.20	0.64
47.540	0.47	-0.19	0.76
47.560	0.47	-0.17	0.63
47.580	0.46	-0.16	0.87
47.600	0.46	-0.14	0.77
47.620	0.46	-0.13	0.52
47.640	0.45	-0.12	0.85
47.660	0.45	-0.10	0.98
47.680	0.45	-0.08	0.75
47.700	0.45	-0.07	0.75
47.720	0.45	-0.05	0.86
47.740	0.45	-0.03	0.85
47.760	0.45	-0.01	0.97
47.780	0.45	0.01	0.97
47.800	0.45	0.02	0.87
47.820	0.45	0.04	0.75
47.840	0.45	0.05	0.74
47.860	0.45	0.07	0.97
47.880	0.45	0.09	0.87
47.900	0.45	0.11	0.74
47.920	0.46	0.12	0.87
47.940	0.46	0.14	0.75
47.960	0.46	0.15	0.76
47.980	0.46	0.17	0.65
48.000	0.47	0.18	0.52
48.020	0.47	0.19	0.75
48.040	0.48	0.21	0.76
48.060	0.48	0.22	0.66
48.080	0.48	0.24	0.44
48.100	0.49	0.24	0.31
48.120	0.49	0.25	0.69
48.140	0.50	0.27	-1.85
48.160	0.51	0.17	1.40
48.180	0.51	0.32	5.06
48.200	0.52	0.38	-2.45
48.220	0.52	0.23	-9.07
48.240	0.53	0.01	-2.16
48.260	0.52	0.14	-49.10
48.280	0.53	-1.95	7.06
48.300	0.44	0.42	119.55
48.320	0.55	2.83	-1.94
48.340	0.56	0.34	-63.47
48.360	0.56	0.29	-6.03
48.380	0.57	0.10	-2.41
48.400	0.57	0.20	8.87
48.420	0.58	0.46	-0.63
48.440	0.59	0.17	-14.99
48.460	0.58	-0.14	5.57
48.480	0.58	0.39	18.57
48.500	0.60	0.60	-4.23
48.520	0.60	0.22	-9.84
48.540	0.61	0.21	-0.81
48.560	0.61	0.19	-0.09
48.580	0.62	0.20	-0.23
48.600	0.62	0.18	-1.42
48.620	0.62	0.15	-1.25
48.640	0.63	0.13	-0.40
48.660	0.63	0.13	-0.73
48.680	0.63	0.10	-0.99
48.700	0.63	0.09	-0.73
48.720	0.64	0.08	-1.00
48.740	0.64	0.05	-0.64
48.760	0.64	0.05	-0.61
48.780	0.64	0.03	-0.98
48.800	0.64	0.01	-0.82
48.820	0.64	-0.01	-1.30
48.840	0.64	-0.04	-1.28
48.860	0.64	-0.06	-0.05
48.880	0.64	-0.04	-0.68
48.900	0.64	-0.08	-1.61
48.920	0.63	-0.11	-0.30
48.940	0.63	-0.10	-0.46
48.960	0.63	-0.13	-1.45
48.980	0.63	-0.15	-0.92
49.000	0.62	-0.16	-0.19
49.020	0.62	-0.16	-0.48
49.040	0.62	-0.18	-1.23
49.060	0.61	-0.21	-0.68
49.080	0.61	-0.21	-0.19
49.100	0.60	-0.22	-0.56
49.120	0.60	-0.23	-0.32
49.140	0.59	-0.23	-0.30
49.160	0.59	-0.24	-0.56
49.180	0.58	-0.25	-0.32
49.200	0.58	-0.26	-0.34
49.220	0.57	-0.27	-0.11
49.240	0.57	-0.26	-0.09
49.260	0.56	-0.27	-0.25
49.280	0.56	-0.27	-1.19
49.300	0.55	-0.32	-1.26
49.320	0.55	-0.32	1.18
49.340	0.54	-0.27	1.38
49.360	0.53	-0.27	0.22
49.380	0.53	-0.26	0.12
49.400	0.52	-0.26	-0.02
49.420	0.52	-0.26	0.31
49.440	0.51	-0.25	
