Messreihe #1	Messreihe #1	Messreihe #1	Messreihe #1
Zeit (s)	Position (m)	Geschwindigkeit (m/s)	Beschleunigung (m/s²)
0,000	0,46		
0,020	0,46	0,25	
0,040	0,47	0,26	0,76
0,060	0,47	0,28	0,67
0,080	0,48	0,29	0,31
0,100	0,48	0,29	0,52
0,120	0,49	0,31	0,77
0,140	0,50	0,32	0,54
0,160	0,50	0,33	0,43
0,180	0,51	0,34	0,44
0,200	0,52	0,35	0,26
0,220	0,52	0,35	1,19
0,240	0,53	0,40	1,24
0,260	0,54	0,40	-1,07
0,280	0,55	0,35	-1,27
0,300	0,55	0,35	-0,02
0,320	0,56	0,35	0,27
0,340	0,57	0,36	-0,38
0,360	0,57	0,34	-1,02
0,380	0,58	0,32	-0,38
0,400	0,59	0,32	0,35
0,420	0,59	0,33	-0,05
0,440	0,60	0,32	0,56
0,460	0,61	0,35	0,55
0,480	0,61	0,34	-2,25
0,500	0,62	0,26	-2,38
0,520	0,63	0,25	-0,86
0,540	0,63	0,23	-0,87
0,560	0,63	0,21	-0,76
0,580	0,64	0,20	-0,63
0,600	0,64	0,19	-0,71
0,620	0,65	0,17	-1,16
0,640	0,65	0,14	-1,41
0,660	0,65	0,11	-1,30
0,680	0,65	0,09	-1,19
0,700	0,66	0,07	-1,04
0,720	0,66	0,05	-1,36
0,740	0,66	0,01	-1,84
0,760	0,66	-0,03	-1,78
0,780	0,66	-0,06	-1,07
0,800	0,65	-0,07	-1,17
0,820	0,65	-0,11	-1,36
0,840	0,65	-0,12	-0,50
0,860	0,65	-0,13	-0,94
0,880	0,65	-0,16	-1,33
0,900	0,64	-0,18	-0,71
0,920	0,64	-0,19	-2,48
0,940	0,63	-0,28	-2,63
0,960	0,63	-0,30	0,42
0,980	0,62	-0,26	0,60
1,000	0,62	-0,27	-0,06
1,020	0,61	-0,26	-0,65
1,040	0,61	-0,30	-0,69
1,060	0,60	-0,29	-0,15
1,080	0,59	-0,30	-1,02
1,100	0,59	-0,33	-0,47
1,120	0,58	-0,32	0,04
1,140	0,57	-0,33	-0,35
1,160	0,57	-0,34	-1,43
1,180	0,56	-0,39	-1,27
1,200	0,55	-0,39	1,30
1,220	0,55	-0,34	1,28
1,240	0,54	-0,34	-2,36E-14
1,260	0,53	-0,34	-0,02
1,280	0,53	-0,34	0,20
1,300	0,52	-0,33	0,45
1,320	0,51	-0,32	0,22
1,340	0,51	-0,32	0,20
1,360	0,50	-0,31	0,42
1,380	0,49	-0,30	0,52
1,400	0,49	-0,29	0,76
1,420	0,48	-0,27	0,65
1,440	0,48	-0,26	0,63
1,460	0,47	-0,25	0,87
1,480	0,47	-0,23	0,76
1,500	0,46	-0,22	0,64
1,520	0,46	-0,20	0,75
1,540	0,45	-0,19	0,86
1,560	0,45	-0,17	0,85
1,580	0,45	-0,15	0,97
1,600	0,44	-0,13	0,97
1,620	0,44	-0,11	0,96
1,640	0,44	-0,09	1,07
1,660	0,44	-0,07	1,18
1,680	0,44	-0,04	1,20
1,700	0,44	-0,02	0,97
1,720	0,44	-0,01	0,97
1,740	0,44	0,02	0,97
1,760	0,44	0,03	0,85
1,780	0,44	0,05	0,97
1,800	0,44	0,07	0,97
1,820	0,44	0,09	0,95
1,840	0,44	0,11	1,19
1,860	0,45	0,14	1,09
1,880	0,45	0,15	0,86
1,900	0,45	0,17	0,86
1,920	0,46	0,19	0,86
1,940	0,46	0,21	0,87
1,960	0,46	0,22	0,66
1,980	0,47	0,23	0,42
2,000	0,47	0,24	0,52
2,020	0,48	0,25	0,75
2,040	0,48	0,27	0,76
2,060	0,49	0,28	0,65
2,080	0,49	0,30	0,55
2,100	0,50	0,30	0,32
2,120	0,51	0,31	0,23
2,140	0,51	0,31	1,62
2,160	0,52	0,37	0,09
2,180	0,53	0,32	-1,49
2,200	0,53	0,31	1,52
2,220	0,54	0,38	-0,01
2,240	0,55	0,31	-1,50
2,260	0,55	0,32	0,01
2,280	0,56	0,31	-0,12
2,300	0,56	0,31	0,01
2,320	0,57	0,31	-0,10
2,340	0,58	0,31	-0,14
2,360	0,58	0,31	-1,10
2,380	0,59	0,27	-0,83
2,400	0,59	0,28	0,30
2,420	0,60	0,28	-0,72
2,440	0,61	0,25	-1,11
2,460	0,61	0,23	-0,76
2,480	0,62	0,22	0,65
2,500	0,62	0,26	0,88
2,520	0,63	0,25	-1,89
2,540	0,63	0,18	-2,47
2,560	0,63	0,15	-1,22
2,580	0,64	0,13	-0,73
2,600	0,64	0,12	-0,92
2,620	0,64	0,10	-1,50
2,640	0,64	0,06	-1,40
2,660	0,64	0,04	-2,71
2,680	0,64	-0,05	-1,46
2,700	0,64	-0,02	2,07
2,720	0,64	0,04	-0,59
2,740	0,64	-0,04	-2,58
2,760	0,64	-0,07	-1,31
2,780	0,64	-0,09	-1,09
2,800	0,64	-0,11	-0,84
2,820	0,64	-0,13	-2,36
2,840	0,63	-0,20	-2,73
2,860	0,63	-0,24	0,27
2,880	0,62	-0,19	0,99
2,900	0,62	-0,20	-0,52
2,920	0,62	-0,21	-0,81
2,940	0,61	-0,23	-0,11
2,960	0,61	-0,22	0,01
2,980	0,60	-0,23	-1,55
3,000	0,60	-0,28	-1,05
3,020	0,59	-0,27	0,07
3,040	0,59	-0,28	-0,91
3,060	0,58	-0,31	-0,27
3,080	0,57	-0,29	-0,70
3,100	0,57	-0,33	-4,09
3,120	0,56	-0,45	-6,61
3,140	0,55	-0,60	7,20
3,160	0,54	-0,16	8,14
3,180	0,54	-0,27	-3,71
3,200	0,53	-0,31	6,37
3,220	0,53	-0,02	0,37
3,240	0,53	-0,30	-6,43
3,260	0,52	-0,28	-2,43
3,280	0,51	-0,40	-0,30
3,300	0,50	-0,29	5,96
3,320	0,50	-0,16	0,85
3,340	0,50	-0,25	-2,23
3,360	0,49	-0,25	0,52
3,380	0,49	-0,23	0,76
3,400	0,48	-0,22	0,65
3,420	0,48	-0,21	0,53
3,440	0,47	-0,19	0,65
3,460	0,47	-0,18	0,64
3,480	0,47	-0,17	0,75
3,500	0,46	-0,15	0,85
3,520	0,46	-0,13	0,97
3,540	0,46	-0,11	0,98
3,560	0,46	-0,10	0,85
3,580	0,46	-0,08	0,97
3,600	0,45	-0,06	0,98
3,620	0,45	-0,04	0,86
3,640	0,45	-0,02	0,87
3,660	0,45	-0,01	0,75
3,680	0,45	0,01	0,85
3,700	0,45	0,03	1,08
3,720	0,45	0,05	0,97
3,740	0,45	0,07	0,85
3,760	0,46	0,08	0,97
3,780	0,46	0,11	0,97
3,800	0,46	0,12	0,86
3,820	0,46	0,14	0,87
3,840	0,47	0,16	0,65
3,860	0,47	0,17	0,53
3,880	0,47	0,18	0,64
3,900	0,48	0,19	0,64
3,920	0,48	0,21	0,75
3,940	0,48	0,22	0,77
3,960	0,49	0,24	0,53
3,980	0,49	0,24	0,64
4,000	0,50	0,26	0,68
4,020	0,50	0,27	0,22
4,040	0,51	0,27	0,11
4,060	0,51	0,27	0,12
4,080	0,52	0,27	-0,01
4,100	0,53	0,27	0,11
4,120	0,53	0,28	0,12
4,140	0,54	0,28	-0,11
4,160	0,54	0,27	1,36
4,180	0,55	0,33	2,07
4,200	0,56	0,36	-1,10
4,220	0,56	0,29	-3,97
4,240	0,57	0,20	0,14
4,260	0,57	0,30	1,37
4,280	0,58	0,25	-1,43
4,300	0,58	0,24	1,95
4,320	0,59	0,33	-0,78
4,340	0,59	0,21	-3,56
4,360	0,60	0,19	0,77
4,380	0,60	0,24	0,69
4,400	0,61	0,22	-1,21
4,420	0,61	0,19	-0,84
4,440	0,61	0,18	-1,22
4,460	0,62	0,14	0,49
4,480	0,62	0,20	1,39
4,500	0,63	0,20	-2,28
4,520	0,63	0,11	-4,71
4,540	0,63	0,01	-2,70
4,560	0,63	0,00	1,38
4,580	0,63	0,06	0,48
4,600	0,63	0,02	-1,42
4,620	0,63	0,01	-1,18
4,640	0,63	-0,02	-1,34
4,660	0,63	-0,05	0,55
4,680	0,63	0,00	0,80
4,700	0,63	-0,01	-3,65
4,720	0,63	-0,15	-4,13
4,740	0,62	-0,18	0,18
4,760	0,62	-0,14	0,66
4,780	0,62	-0,15	-0,85
4,800	0,62	-0,17	-1,03
4,820	0,61	-0,19	-0,32
4,840	0,61	-0,19	-0,26
4,860	0,60	-0,20	-1,14
4,880	0,60	-0,23	-0,33
4,900	0,59	-0,22	-0,12
4,920	0,59	-0,24	-1,35
4,940	0,59	-0,27	-0,70
4,960	0,58	-0,27	0,01
4,980	0,57	-0,27	-0,01
5,000	0,57	-0,27	-1,38
5,020	0,56	-0,33	-0,32
5,040	0,56	-0,28	1,26
5,060	0,55	-0,28	-1,28
5,080	0,54	-0,33	-0,10
5,100	0,54	-0,28	1,28
5,120	0,53	-0,28	2,23E-13
5,140	0,53	-0,28	-0,01
5,160	0,52	-0,28	0,10
5,180	0,52	-0,28	0,21
5,200	0,51	-0,27	0,31
5,220	0,51	-0,26	0,54
5,240	0,50	-0,25	0,55
5,260	0,50	-0,24	0,42
5,280	0,49	-0,23	0,65
5,300	0,49	-0,22	0,66
5,320	0,48	-0,21	0,42
5,340	0,48	-0,20	0,53
5,360	0,47	-0,19	0,64
5,380	0,47	-0,17	0,75
5,400	0,47	-0,16	0,75
5,420	0,46	-0,14	0,74
5,440	0,46	-0,13	0,97
5,460	0,46	-0,10	0,98
5,480	0,46	-0,09	0,86
5,500	0,46	-0,07	0,86
5,520	0,45	-0,05	0,86
5,540	0,45	-0,04	0,86
5,560	0,45	-0,02	0,86
5,580	0,45	0,00	0,86
5,600	0,45	0,02	0,86
5,620	0,45	0,03	0,85
5,640	0,45	0,05	0,95
5,660	0,46	0,07	1,20
5,680	0,46	0,10	0,99
5,700	0,46	0,11	0,63
5,720	0,46	0,12	0,86
5,740	0,46	0,15	0,87
5,760	0,47	0,16	0,64
5,780	0,47	0,17	0,64
5,800	0,47	0,18	0,64
5,820	0,48	0,20	0,75
5,840	0,48	0,21	0,76
5,860	0,49	0,23	0,64
5,880	0,49	0,24	0,65
5,900	0,50	0,25	0,54
5,920	0,50	0,26	0,44
5,940	0,51	0,27	0,33
5,960	0,51	0,27	0,22
5,980	0,52	0,28	0,11
6,000	0,52	0,28	0,00
6,020	0,53	0,28	1,61
6,040	0,54	0,34	0,42
6,060	0,54	0,30	-2,66
6,080	0,55	0,24	-0,34
6,100	0,55	0,28	3,24
6,120	0,56	0,37	-2,62
6,140	0,57	0,18	-4,21
6,160	0,57	0,20	5,00
6,180	0,58	0,38	-1,49
6,200	0,58	0,14	-0,52
6,220	0,58	0,36	2,73
6,240	0,59	0,25	-3,88
6,260	0,59	0,20	1,67
6,280	0,60	0,31	1,06
6,300	0,60	0,24	-0,12
6,320	0,61	0,31	0,38
6,340	0,62	0,26	-2,94
6,360	0,62	0,19	-2,63
6,380	0,62	0,15	0,66
6,400	0,63	0,22	-0,58
6,420	0,63	0,13	-2,83
6,440	0,63	0,10	-0,93
6,460	0,64	0,09	-2,74
6,480	0,64	0,00	-1,19
6,500	0,64	0,05	3,02
6,520	0,64	0,12	-0,65
6,540	0,64	0,02	-3,26
6,560	0,64	-0,01	-1,69
6,580	0,64	-0,05	-0,77
6,600	0,64	-0,05	-0,46
6,620	0,64	-0,07	-1,24
6,640	0,64	-0,09	-3,17
6,660	0,63	-0,19	-2,94
6,680	0,63	-0,21	1,30
6,700	0,63	-0,14	1,39
6,720	0,62	-0,16	-1,09
6,740	0,62	-0,18	-1,00
6,760	0,62	-0,20	-0,61
6,780	0,61	-0,21	-1,09
6,800	0,61	-0,24	-0,99
6,820	0,60	-0,25	-0,78
6,840	0,60	-0,27	-0,45
6,860	0,59	-0,27	-0,16
6,880	0,59	-0,28	-0,92
6,900	0,58	-0,30	-0,12
6,920	0,57	-0,28	0,04
6,940	0,57	-0,30	-0,47
6,960	0,56	-0,30	0,10
6,980	0,56	-0,30	-1,29
7,000	0,55	-0,35	-1,48
7,020	0,54	-0,36	1,08
7,040	0,54	-0,31	1,15
7,060	0,53	-0,31	0,10
7,080	0,52	-0,31	0,22
7,100	0,52	-0,30	0,10
7,120	0,51	-0,30	0,20
7,140	0,51	-0,29	0,42
7,160	0,50	-0,28	0,54
7,180	0,49	-0,27	0,55
7,200	0,49	-0,26	0,42
7,220	0,48	-0,25	0,54
7,240	0,48	-0,24	0,54
7,260	0,47	-0,23	0,53
7,280	0,47	-0,22	0,64
7,300	0,47	-0,21	0,75
7,320	0,46	-0,19	0,86
7,340	0,46	-0,17	0,85
7,360	0,45	-0,16	0,97
7,380	0,45	-0,13	0,98
7,400	0,45	-0,12	0,75
7,420	0,45	-0,10	0,85
7,440	0,45	-0,08	0,98
7,460	0,44	-0,07	0,85
7,480	0,44	-0,05	0,97
7,500	0,44	-0,03	0,97
7,520	0,44	-0,01	0,96
7,540	0,44	0,01	1,07
7,560	0,44	0,03	1,07
7,580	0,44	0,05	1,07
7,600	0,44	0,08	1,08
7,620	0,45	0,10	0,98
7,640	0,45	0,12	0,75
7,660	0,45	0,13	0,74
7,680	0,45	0,15	0,86
7,700	0,46	0,16	0,86
7,720	0,46	0,18	0,86
7,740	0,46	0,20	0,87
7,760	0,47	0,21	0,75
7,780	0,47	0,23	0,75
7,800	0,48	0,24	0,77
7,820	0,48	0,26	0,54
7,840	0,49	0,27	0,53
7,860	0,49	0,28	0,66
7,880	0,50	0,29	0,44
7,900	0,50	0,30	0,20
7,920	0,51	0,30	0,44
7,940	0,52	0,31	0,34
7,960	0,52	0,31	0,01
7,980	0,53	0,31	1,40
8,000	0,53	0,37	1,47
8,020	0,54	0,37	-1,07
8,040	0,55	0,33	-1,14
8,060	0,56	0,33	-0,21
8,080	0,56	0,32	-0,23
8,100	0,57	0,32	0,06
8,120	0,58	0,32	-0,79
8,140	0,58	0,29	-0,39
8,160	0,59	0,30	0,67
8,180	0,59	0,31	-0,98
8,200	0,60	0,27	-0,95
8,220	0,60	0,27	0,18
8,240	0,61	0,27	0,68
8,260	0,62	0,30	0,44
8,280	0,62	0,29	-2,11
8,300	0,63	0,22	-4,16
8,320	0,63	0,12	-0,93
8,340	0,63	0,18	2,81
8,360	0,64	0,24	-1,04
8,380	0,64	0,14	-2,88
8,400	0,64	0,12	-0,52
8,420	0,65	0,12	-0,63
8,440	0,65	0,10	-2,11
8,460	0,65	0,03	-1,41
8,480	0,65	0,04	0,10
8,500	0,65	0,04	-1,05
8,520	0,65	0,00	-1,33
8,540	0,65	-0,02	-0,81
8,560	0,65	-0,04	-1,39
8,580	0,65	-0,07	-1,56
8,600	0,65	-0,10	-0,98
8,620	0,65	-0,11	-0,84
8,640	0,64	-0,13	-1,10
8,660	0,64	-0,15	-0,87
8,680	0,64	-0,17	-0,72
8,700	0,63	-0,18	-0,95
8,720	0,63	-0,20	-2,49
8,740	0,63	-0,28	-2,61
8,760	0,62	-0,31	0,25
8,780	0,61	-0,27	1,14
8,800	0,61	-0,26	0,44
8,820	0,60	-0,25	-1,08
8,840	0,60	-0,31	-1,22
8,860	0,59	-0,30	0,63
8,880	0,59	-0,28	-0,48
8,900	0,58	-0,32	-1,28
8,920	0,57	-0,33	-0,03
8,940	0,57	-0,32	-1,07
8,960	0,56	-0,37	-1,38
8,980	0,55	-0,38	1,18
9,000	0,55	-0,33	1,28
9,020	0,54	-0,33	2,25E-13
9,040	0,53	-0,33	-0,02
9,060	0,53	-0,33	0,21
9,080	0,52	-0,32	0,33
9,100	0,51	-0,31	0,22
9,120	0,51	-0,31	0,21
9,140	0,50	-0,31	0,30
9,160	0,49	-0,30	0,65
9,180	0,49	-0,28	0,66
9,200	0,48	-0,27	0,42
9,220	0,48	-0,26	0,52
9,240	0,47	-0,25	0,75
9,260	0,47	-0,23	0,86
9,280	0,46	-0,22	0,87
9,300	0,46	-0,20	0,75
9,320	0,46	-0,19	0,75
9,340	0,45	-0,17	0,87
9,360	0,45	-0,15	0,75
9,380	0,45	-0,14	0,85
9,400	0,44	-0,12	1,08
9,420	0,44	-0,10	0,97
9,440	0,44	-0,08	0,95
9,460	0,44	-0,06	1,18
9,480	0,44	-0,03	1,20
9,500	0,44	-0,01	0,97
9,520	0,44	0,01	0,85
9,540	0,44	0,02	0,96
9,560	0,44	0,05	1,08
9,580	0,44	0,07	0,97
9,600	0,44	0,08	0,85
9,620	0,44	0,10	0,96
9,640	0,44	0,12	1,08
9,660	0,45	0,15	0,97
9,680	0,45	0,16	0,97
9,700	0,45	0,18	0,99
9,720	0,46	0,20	0,64
9,740	0,46	0,21	0,64
9,760	0,47	0,23	0,77
9,780	0,47	0,24	0,53
9,800	0,48	0,25	0,64
9,820	0,48	0,27	0,76
9,840	0,49	0,28	0,64
9,860	0,49	0,29	0,66
9,880	0,50	0,30	0,44
9,900	0,50	0,31	0,32
9,920	0,51	0,32	0,26
9,940	0,52	0,32	1,18
9,960	0,52	0,36	1,34
9,980	0,53	0,37	-0,84
10,000	0,54	0,33	-1,14
10,020	0,54	0,33	-0,25
10,040	0,55	0,32	0,25
10,060	0,56	0,34	-0,16
10,080	0,56	0,31	-0,97
10,100	0,57	0,30	0,42
10,120	0,58	0,33	0,66
10,140	0,58	0,32	-0,98
10,160	0,59	0,29	-0,90
10,180	0,59	0,29	-0,27
10,200	0,60	0,28	-1,09
10,220	0,61	0,25	0,37
10,240	0,61	0,30	1,48
10,260	0,62	0,30	-3,56
10,280	0,62	0,15	-2,45
10,300	0,62	0,21	2,75
10,320	0,63	0,26	-0,48
10,340	0,63	0,19	-2,56
10,360	0,64	0,16	-1,53
10,380	0,64	0,13	-1,37
10,400	0,64	0,11	1,05
10,420	0,65	0,17	-0,89
10,440	0,65	0,07	-4,63
10,460	0,65	-0,02	-0,87
10,480	0,65	0,04	0,70
10,500	0,65	0,01	-1,18
10,520	0,65	-0,01	-1,14
10,540	0,65	-0,04	-1,67
10,560	0,65	-0,08	-1,05
10,580	0,65	-0,08	0,14
10,600	0,65	-0,07	-2,94
10,620	0,64	-0,19	-1,51
10,640	0,64	-0,13	1,39
10,660	0,64	-0,14	-2,49
10,680	0,63	-0,23	-1,20
10,700	0,63	-0,19	0,28
10,720	0,62	-0,22	-0,45
10,740	0,62	-0,20	-0,12
10,760	0,62	-0,23	-1,39
10,780	0,61	-0,26	-0,22
10,800	0,61	-0,23	-0,11
10,820	0,60	-0,26	-1,47
10,840	0,60	-0,29	-0,67
10,860	0,59	-0,29	-0,34
10,880	0,58	-0,31	-0,03
10,900	0,58	-0,29	-1,04
10,920	0,57	-0,35	-1,71
10,940	0,56	-0,36	0,94
10,960	0,56	-0,31	1,38
10,980	0,55	-0,31	0,24
11,000	0,55	-0,30	-0,09
11,020	0,54	-0,31	-0,36
11,040	0,53	-0,31	0,09
11,060	0,53	-0,31	0,33
11,080	0,52	-0,30	0,21
11,100	0,51	-0,30	0,32
11,120	0,51	-0,29	0,43
11,140	0,50	-0,28	0,42
11,160	0,50	-0,27	0,53
11,180	0,49	-0,26	0,65
11,200	0,49	-0,25	0,54
11,220	0,48	-0,24	0,53
11,240	0,48	-0,22	0,65
11,260	0,47	-0,21	0,64
11,280	0,47	-0,20	0,75
11,300	0,47	-0,18	0,75
11,320	0,46	-0,17	0,74
11,340	0,46	-0,15	0,97
11,360	0,46	-0,13	0,98
11,380	0,45	-0,11	0,86
11,400	0,45	-0,10	0,86
11,420	0,45	-0,08	0,85
11,440	0,45	-0,06	0,97
11,460	0,45	-0,04	0,97
11,480	0,45	-0,02	0,85
11,500	0,45	-0,01	0,96
11,520	0,45	0,02	1,08
11,540	0,45	0,04	0,97
11,560	0,45	0,05	0,85
11,580	0,45	0,07	0,97
11,600	0,45	0,09	0,97
11,620	0,45	0,11	0,86
11,640	0,45	0,13	0,86
11,660	0,46	0,14	0,87
11,680	0,46	0,16	0,76
11,700	0,46	0,18	0,64
11,720	0,47	0,19	0,64
11,740	0,47	0,20	0,64
11,760	0,48	0,21	0,64
11,780	0,48	0,23	0,64
11,800	0,48	0,24	0,75
11,820	0,49	0,26	0,77
11,840	0,50	0,27	0,44
11,860	0,50	0,27	0,22
11,880	0,51	0,28	0,11
11,900	0,51	0,28	0,10
11,920	0,52	0,28	0,12
11,940	0,52	0,28	1,40
11,960	0,53	0,34	1,59
11,980	0,54	0,35	-1,17
12,000	0,54	0,29	-1,41
12,020	0,55	0,29	0,25
12,040	0,55	0,30	-0,21
12,060	0,56	0,28	-0,33
12,080	0,57	0,29	-0,19
12,100	0,57	0,28	-0,55
12,120	0,58	0,27	-0,42
12,140	0,58	0,26	-0,58
12,160	0,59	0,24	0,04
12,180	0,59	0,26	-0,39
12,200	0,60	0,23	-0,89
12,220	0,60	0,22	-0,65
12,240	0,61	0,20	0,72
12,260	0,61	0,25	1,37
12,280	0,62	0,26	-2,22
12,300	0,62	0,17	-2,84
12,320	0,62	0,14	-0,99
12,340	0,63	0,13	-0,61
12,360	0,63	0,12	-2,37
12,380	0,63	0,03	-1,26
12,400	0,63	0,07	2,52
12,420	0,63	0,13	-0,46
12,440	0,63	0,05	-2,82
12,460	0,64	0,02	-1,21
12,480	0,64	0,00	-0,83
12,500	0,64	-0,01	-1,06
12,520	0,63	-0,04	-2,52
12,540	0,63	-0,12	-2,11
12,560	0,63	-0,13	-0,02
12,580	0,63	-0,12	0,22
12,600	0,63	-0,12	0,29
12,620	0,62	-0,10	-0,60
12,640	0,62	-0,14	-1,21
12,660	0,62	-0,15	-0,85
12,680	0,62	-0,17	-0,99
12,700	0,61	-0,19	-0,74
12,720	0,61	-0,20	-0,89
12,740	0,60	-0,23	-0,59
12,760	0,60	-0,23	0,15
12,780	0,59	-0,22	-1,81
12,800	0,59	-0,30	-0,90
12,820	0,58	-0,26	2,68
12,840	0,58	-0,19	-1,29
12,860	0,57	-0,31	-3,01
12,880	0,57	-0,31	1,09
12,900	0,56	-0,27	0,94
12,920	0,56	-0,28	-0,12
12,940	0,55	-0,27	0,01
12,960	0,55	-0,28	-0,13
12,980	0,54	-0,28	0,22
13,000	0,53	-0,27	0,12
13,020	0,53	-0,27	-0,02
13,040	0,52	-0,27	0,32
13,060	0,52	-0,26	0,32
13,080	0,51	-0,25	0,32
13,100	0,51	-0,25	0,32
13,120	0,50	-0,24	0,42
13,140	0,50	-0,23	0,66
13,160	0,49	-0,22	0,44
13,180	0,49	-0,21	0,30
13,200	0,49	-0,20	0,63
13,220	0,48	-0,19	0,87
13,240	0,48	-0,17	0,76
13,260	0,47	-0,16	0,65
13,280	0,47	-0,14	0,63
13,300	0,47	-0,13	0,86
13,320	0,47	-0,11	0,88
13,340	0,46	-0,10	0,63
13,360	0,46	-0,08	0,86
13,380	0,46	-0,06	0,87
13,400	0,46	-0,05	0,75
13,420	0,46	-0,03	0,86
13,440	0,46	-0,01	0,85
13,460	0,46	0,00	1,07
13,480	0,46	0,03	1,10
13,500	0,46	0,05	0,64
13,520	0,46	0,05	0,63
13,540	0,46	0,07	0,86
13,560	0,46	0,09	0,86
13,580	0,47	0,11	0,87
13,600	0,47	0,12	0,76
13,620	0,47	0,14	0,64
13,640	0,47	0,15	0,64
13,660	0,48	0,16	0,75
13,680	0,48	0,18	0,75
13,700	0,48	0,19	0,75
13,720	0,49	0,21	0,77
13,740	0,49	0,22	0,44
13,760	0,50	0,23	0,21
13,780	0,50	0,23	0,21
13,800	0,51	0,24	0,31
13,820	0,51	0,24	0,43
13,840	0,52	0,25	0,36
13,860	0,52	0,26	1,42
13,880	0,53	0,31	1,24
13,900	0,53	0,31	-1,10
13,920	0,54	0,27	-0,80
13,940	0,54	0,28	-0,06
13,960	0,55	0,26	-0,53
13,980	0,55	0,25	-2,20
14,000	0,56	0,18	-0,39
14,020	0,56	0,24	3,71
14,040	0,57	0,32	-1,30
14,060	0,57	0,19	-1,51
14,080	0,58	0,26	3,19
14,100	0,59	0,31	-1,92
14,120	0,59	0,19	-2,23
14,140	0,59	0,23	-1,10
14,160	0,60	0,14	-1,02
14,180	0,60	0,18	2,69
14,200	0,61	0,25	-1,36
14,220	0,61	0,13	-2,04
14,240	0,61	0,17	0,85
14,260	0,62	0,16	-1,62
14,280	0,62	0,10	-1,58
14,300	0,62	0,10	-0,77
14,320	0,62	0,07	0,69
14,340	0,62	0,13	1,90
14,360	0,63	0,15	-4,03
14,380	0,63	-0,03	-5,38
14,400	0,63	-0,07	2,46
14,420	0,63	0,07	3,19
14,440	0,63	0,06	-4,04
14,460	0,63	-0,10	-5,07
14,480	0,62	-0,14	0,25
14,500	0,62	-0,09	1,20
14,520	0,62	-0,09	-0,35
14,540	0,62	-0,10	0,09
14,560	0,62	-0,09	-0,90
14,580	0,61	-0,14	-1,78
14,600	0,61	-0,16	-1,14
14,620	0,61	-0,18	-0,31
14,640	0,60	-0,17	-0,35
14,660	0,60	-0,19	-1,46
14,680	0,60	-0,23	-0,84
14,700	0,59	-0,23	0,23
14,720	0,59	-0,22	0,04
14,740	0,58	-0,23	-0,42
14,760	0,58	-0,24	-0,47
14,780	0,57	-0,25	-1,40
14,800	0,57	-0,30	-1,59
14,820	0,56	-0,31	0,84
14,840	0,56	-0,26	1,17
14,860	0,55	-0,26	-0,11
14,880	0,55	-0,27	-0,12
14,900	0,54	-0,27	-0,01
14,920	0,53	-0,27	0,11
14,940	0,53	-0,26	0,11
14,960	0,52	-0,26	0,09
14,980	0,52	-0,26	0,32
15,000	0,51	-0,25	0,33
15,020	0,51	-0,25	0,22
15,040	0,50	-0,24	0,20
15,060	0,50	-0,24	0,42
15,080	0,49	-0,22	0,65
15,100	0,49	-0,21	0,54
15,120	0,49	-0,20	0,53
15,140	0,48	-0,19	0,65
15,160	0,48	-0,18	0,65
15,180	0,48	-0,16	0,64
15,200	0,47	-0,15	0,75
15,220	0,47	-0,13	0,88
15,240	0,47	-0,12	0,65
15,260	0,46	-0,11	0,63
15,280	0,46	-0,09	0,87
15,300	0,46	-0,07	0,75
15,320	0,46	-0,06	0,85
15,340	0,46	-0,04	0,97
15,360	0,46	-0,02	0,85
15,380	0,46	-0,01	0,97
15,400	0,46	0,02	0,87
15,420	0,46	0,03	0,74
15,440	0,46	0,05	0,97
15,460	0,46	0,07	0,87
15,480	0,46	0,08	0,63
15,500	0,46	0,09	0,85
15,520	0,47	0,11	0,98
15,540	0,47	0,13	0,76
15,560	0,47	0,15	0,64
15,580	0,47	0,16	0,64
15,600	0,48	0,17	0,74
15,620	0,48	0,19	0,87
15,640	0,48	0,21	0,77
15,660	0,49	0,22	0,44
15,680	0,49	0,22	0,31
15,700	0,50	0,23	0,54
15,720	0,50	0,24	0,55
15,740	0,51	0,25	0,32
15,760	0,51	0,26	0,22
15,780	0,52	0,26	1,63
15,800	0,52	0,32	1,60
15,820	0,53	0,33	-1,30
15,840	0,54	0,27	-1,29
15,860	0,54	0,27	0,22
15,880	0,55	0,28	0,12
15,900	0,55	0,28	-0,13
15,920	0,56	0,27	0,14
15,940	0,56	0,29	-0,32
15,960	0,57	0,26	-0,33
15,980	0,57	0,27	-0,19
16,000	0,58	0,25	-0,58
16,020	0,58	0,25	0,08
16,040	0,59	0,26	-1,01
16,060	0,59	0,21	-0,49
16,080	0,60	0,24	0,43
16,100	0,60	0,23	-0,97
16,120	0,61	0,20	-0,98
16,140	0,61	0,19	-0,80
16,160	0,62	0,17	-0,34
16,180	0,62	0,17	1,27
16,200	0,62	0,22	0,60
16,220	0,63	0,20	-4,14
16,240	0,63	0,05	-2,54
16,260	0,63	0,09	2,45
16,280	0,63	0,15	-0,94
16,300	0,64	0,06	-2,74
16,320	0,64	0,04	-0,85
16,340	0,64	0,02	-0,97
16,360	0,64	0,00	-0,83
16,380	0,64	-0,01	-2,63
16,400	0,64	-0,10	-0,88
16,420	0,63	-0,04	0,94
16,440	0,63	-0,07	-2,74
16,460	0,63	-0,15	-0,96
16,480	0,63	-0,10	0,33
16,500	0,63	-0,14	-1,15
16,520	0,62	-0,15	-0,23
16,540	0,62	-0,15	0,11
16,560	0,62	-0,15	-1,12
16,580	0,61	-0,20	-2,11
16,600	0,61	-0,23	0,02
16,620	0,60	-0,19	-0,10
16,640	0,60	-0,23	-1,64
16,660	0,60	-0,26	-0,01
16,680	0,59	-0,24	0,18
16,700	0,59	-0,25	-0,66
16,720	0,58	-0,26	-1,95
16,740	0,58	-0,33	-0,56
16,760	0,57	-0,28	1,27
16,780	0,56	-0,28	-1,38
16,800	0,56	-0,34	-0,33
16,820	0,55	-0,29	1,28
16,840	0,54	-0,29	0,01
16,860	0,54	-0,29	-0,12
16,880	0,53	-0,29	0,11
16,900	0,53	-0,29	0,11
16,920	0,52	-0,29	0,10
16,940	0,52	-0,28	0,22
16,960	0,51	-0,28	0,21
16,980	0,50	-0,28	0,31
17,000	0,50	-0,27	0,55
17,020	0,49	-0,25	0,43
17,040	0,49	-0,25	0,41
17,060	0,48	-0,24	0,76
17,080	0,48	-0,22	0,65
17,100	0,48	-0,21	0,53
17,120	0,47	-0,20	0,65
17,140	0,47	-0,19	0,64
17,160	0,46	-0,17	0,75
17,180	0,46	-0,16	0,75
17,200	0,46	-0,14	0,75
17,220	0,45	-0,13	0,86
17,240	0,45	-0,11	0,85
17,260	0,45	-0,09	0,96
17,280	0,45	-0,07	1,08
17,300	0,45	-0,05	0,97
17,320	0,45	-0,03	0,86
17,340	0,45	-0,01	0,86
17,360	0,45	0,00	0,85
17,380	0,45	0,02	0,97
17,400	0,45	0,04	0,97
17,420	0,45	0,06	0,85
17,440	0,45	0,08	0,97
17,460	0,45	0,10	0,97
17,480	0,45	0,11	0,86
17,500	0,46	0,13	0,86
17,520	0,46	0,15	0,86
17,540	0,46	0,17	0,87
17,560	0,47	0,18	0,65
17,580	0,47	0,19	0,52
17,600	0,47	0,21	0,75
17,620	0,48	0,22	0,76
17,640	0,48	0,24	0,64
17,660	0,49	0,25	0,65
17,680	0,49	0,26	0,54
17,700	0,50	0,27	0,54
17,720	0,50	0,28	0,56
17,740	0,51	0,29	0,22
17,760	0,51	0,29	0,01
17,780	0,52	0,29	1,40
17,800	0,53	0,35	1,58
17,820	0,53	0,36	-1,07
17,840	0,54	0,31	-1,27
17,860	0,55	0,31	-6,77E-13
17,880	0,55	0,31	-0,02
17,900	0,56	0,30	0,27
17,920	0,56	0,32	-0,43
17,940	0,57	0,29	-0,46
17,960	0,58	0,30	0,04
17,980	0,58	0,29	-0,42
18,000	0,59	0,28	-0,53
18,020	0,59	0,27	-0,69
18,040	0,60	0,25	-0,07
18,060	0,60	0,26	-0,63
18,080	0,61	0,23	0,51
18,100	0,61	0,29	1,13
18,120	0,62	0,27	-2,17
18,140	0,62	0,20	-2,04
18,160	0,63	0,19	-0,72
18,180	0,63	0,17	-1,08
18,200	0,63	0,15	-0,97
18,220	0,64	0,13	-0,98
18,240	0,64	0,11	-0,86
18,260	0,64	0,10	-0,83
18,280	0,64	0,08	-1,19
18,300	0,65	0,05	-1,09
18,320	0,65	0,03	-0,87
18,340	0,65	0,01	-0,74
18,360	0,65	0,00	-0,82
18,380	0,65	-0,02	-1,30
18,400	0,65	-0,05	-1,22
18,420	0,64	-0,07	-0,75
18,440	0,64	-0,08	-0,55
18,460	0,64	-0,09	-2,93
18,480	0,64	-0,20	-2,96
18,500	0,63	-0,21	1,62
18,520	0,63	-0,13	0,40
18,540	0,63	-0,19	-1,96
18,560	0,62	-0,21	-0,47
18,580	0,62	-0,21	0,03
18,600	0,62	-0,21	-0,28
18,620	0,61	-0,22	-0,79
18,640	0,61	-0,24	-0,28
18,660	0,60	-0,23	-0,68
18,680	0,60	-0,27	-3,14
18,700	0,59	-0,36	-0,48
18,720	0,58	-0,29	3,18
18,740	0,58	-0,23	-0,11
18,760	0,57	-0,29	-2,92
18,780	0,57	-0,35	-1,49
18,800	0,56	-0,35	1,09
18,820	0,55	-0,30	0,93
18,840	0,55	-0,31	-0,02
18,860	0,54	-0,31	0,24
18,880	0,53	-0,31	-0,12
18,900	0,53	-0,31	-0,02
18,920	0,52	-0,31	0,32
18,940	0,52	-0,30	0,33
18,960	0,51	-0,29	0,20
18,980	0,50	-0,29	0,42
19,000	0,50	-0,28	0,55
19,020	0,49	-0,27	0,42
19,040	0,49	-0,26	0,54
19,060	0,48	-0,25	0,54
19,080	0,48	-0,24	0,53
19,100	0,47	-0,22	0,64
19,120	0,47	-0,21	0,75
19,140	0,47	-0,19	0,87
19,160	0,46	-0,18	0,75
19,180	0,46	-0,16	0,75
19,200	0,46	-0,15	0,86
19,220	0,45	-0,13	0,86
19,240	0,45	-0,11	0,86
19,260	0,45	-0,10	0,86
19,280	0,45	-0,08	0,85
19,300	0,44	-0,06	0,96
19,320	0,44	-0,04	1,08
19,340	0,44	-0,02	0,97
19,360	0,44	0,00	0,85
19,380	0,44	0,02	0,96
19,400	0,44	0,04	1,08
19,420	0,44	0,06	0,97
19,440	0,45	0,08	0,86
19,460	0,45	0,09	0,86
19,480	0,45	0,11	0,86
19,500	0,45	0,13	0,86
19,520	0,45	0,14	0,86
19,540	0,46	0,16	0,87
19,560	0,46	0,18	0,76
19,580	0,46	0,19	0,63
19,600	0,47	0,20	0,86
19,620	0,47	0,23	0,89
19,640	0,48	0,24	0,42
19,660	0,48	0,24	0,53
19,680	0,49	0,26	0,67
19,700	0,49	0,27	0,32
19,720	0,50	0,27	0,31
19,740	0,50	0,28	0,44
19,760	0,51	0,29	0,23
19,780	0,52	0,29	1,50
19,800	0,52	0,35	1,72
19,820	0,53	0,36	-1,40
19,840	0,54	0,30	-1,52
19,860	0,54	0,30	0,21
19,880	0,55	0,30	0,24
19,900	0,55	0,31	-0,09
19,920	0,56	0,30	-0,33
19,940	0,57	0,30	-0,20
19,960	0,57	0,29	-0,44
19,980	0,58	0,28	-0,33
20,000	0,58	0,28	-0,19
20,020	0,59	0,27	-0,54
20,040	0,59	0,26	-0,66
20,060	0,60	0,25	1,01
20,080	0,60	0,30	-0,63
20,100	0,61	0,22	-3,84
20,120	0,61	0,15	1,00
20,140	0,62	0,26	2,33
20,160	0,62	0,24	-2,51
20,180	0,63	0,16	-2,17
20,200	0,63	0,15	-0,62
20,220	0,63	0,13	-0,87
20,240	0,64	0,12	-0,73
20,260	0,64	0,11	-0,98
20,280	0,64	0,08	-0,85
20,300	0,64	0,07	-0,90
20,320	0,64	0,04	-1,79
20,340	0,64	0,00	-1,03
20,360	0,64	0,00	-0,24
20,380	0,64	-0,01	-1,17
20,400	0,64	-0,05	-1,35
20,420	0,64	-0,06	-0,65
20,440	0,64	-0,07	-0,63
20,460	0,64	-0,09	-0,70
20,480	0,64	-0,10	-2,62
20,500	0,63	-0,19	-2,46
20,520	0,63	-0,20	1,29
20,540	0,63	-0,14	0,10
20,560	0,62	-0,19	-1,16
20,580	0,62	-0,19	0,01
20,600	0,61	-0,19	-1,47
20,620	0,61	-0,25	-0,61
20,640	0,60	-0,22	0,35
20,660	0,60	-0,23	-1,38
20,680	0,60	-0,27	-0,27
20,700	0,59	-0,24	-1,00
20,720	0,59	-0,31	-0,65
20,740	0,58	-0,27	0,84
20,760	0,57	-0,28	-0,34
20,780	0,57	-0,28	-0,01
20,800	0,56	-0,28	-1,39
20,820	0,56	-0,34	-0,10
20,840	0,55	-0,28	1,29
20,860	0,54	-0,29	-0,12
20,880	0,54	-0,29	0,10
20,900	0,53	-0,28	0,22
20,920	0,53	-0,28	0,22
20,940	0,52	-0,28	0,22
20,960	0,52	-0,27	0,22
20,980	0,51	-0,27	0,21
21,000	0,51	-0,26	0,31
21,020	0,50	-0,25	0,53
21,040	0,50	-0,24	0,65
21,060	0,49	-0,23	0,54
21,080	0,49	-0,22	0,52
21,100	0,48	-0,21	0,75
21,120	0,48	-0,19	0,76
21,140	0,47	-0,18	0,65
21,160	0,47	-0,16	0,65
21,180	0,47	-0,15	0,65
21,200	0,46	-0,14	0,63
21,220	0,46	-0,13	0,85
21,240	0,46	-0,10	1,09
21,260	0,46	-0,08	0,87
21,280	0,46	-0,07	0,74
21,300	0,45	-0,05	0,97
21,320	0,45	-0,03	0,98
21,340	0,45	-0,01	0,75
21,360	0,45	0,00	0,85
21,380	0,45	0,02	0,98
21,400	0,45	0,04	0,75
21,420	0,46	0,05	0,74
21,440	0,46	0,07	0,97
21,460	0,46	0,09	0,87
21,480	0,46	0,10	0,74
21,500	0,46	0,12	0,97
21,520	0,46	0,14	0,87
21,540	0,47	0,15	0,64
21,560	0,47	0,17	0,64
21,580	0,47	0,18	0,65
21,600	0,48	0,19	0,54
21,620	0,48	0,20	0,42
21,640	0,49	0,21	0,53
21,660	0,49	0,22	0,64
21,680	0,50	0,24	0,77
21,700	0,50	0,25	0,49
21,720	0,51	0,25	1,13
21,740	0,51	0,30	2,00
21,760	0,52	0,33	-0,28
21,780	0,52	0,29	-3,41
21,800	0,53	0,20	-11,39
21,820	0,53	-0,17	-9,86
21,840	0,52	-0,20	10,18
21,860	0,52	0,24	20,36
21,880	0,53	0,62	9,99
21,900	0,55	0,64	-4,84
21,920	0,56	0,42	-7,80
21,940	0,57	0,33	-3,94
21,960	0,57	0,27	-1,54
21,980	0,58	0,27	-1,07
22,000	0,58	0,22	-1,18
22,020	0,58	0,22	0,23
22,040	0,59	0,23	0,11
22,060	0,59	0,22	-1,30
22,080	0,60	0,18	-1,27
22,100	0,60	0,17	-0,14
22,120	0,61	0,18	0,28
22,140	0,61	0,18	-0,48
22,160	0,61	0,16	-1,20
22,180	0,61	0,13	-0,99
22,200	0,62	0,12	-0,79
22,220	0,62	0,10	-0,27
22,240	0,62	0,11	-0,82
22,260	0,62	0,07	-1,30
22,280	0,62	0,05	-1,21
22,300	0,63	0,02	-0,92
22,320	0,63	0,02	-0,14
22,340	0,63	0,02	-1,07
22,360	0,63	-0,03	-1,22
22,380	0,63	-0,03	-0,75
22,400	0,63	-0,06	-0,77
22,420	0,62	-0,06	-0,49
22,440	0,62	-0,07	-1,09
22,460	0,62	-0,11	-1,00
22,480	0,62	-0,11	-0,63
22,500	0,62	-0,13	-0,86
22,520	0,61	-0,15	-0,90
22,540	0,61	-0,17	-0,43
22,560	0,61	-0,17	-0,28
22,580	0,60	-0,18	-2,20
22,600	0,60	-0,25	-1,98
22,620	0,59	-0,26	2,64
22,640	0,59	-0,15	2,39
22,660	0,59	-0,16	-3,49
22,680	0,58	-0,29	-1,72
22,700	0,58	-0,23	1,06
22,720	0,57	-0,25	-0,12
22,740	0,57	-0,24	0,14
22,760	0,56	-0,24	-1,84
22,780	0,56	-0,31	-0,34
22,800	0,55	-0,25	1,39
22,820	0,55	-0,25	0,11
22,840	0,54	-0,25	0,11
22,860	0,54	-0,25	0,12
22,880	0,53	-0,24	-0,01
22,900	0,53	-0,25	0,10
22,920	0,52	-0,24	0,22
22,940	0,52	-0,24	0,08
22,960	0,51	-0,24	0,54
22,980	0,51	-0,22	0,55
23,000	0,50	-0,22	0,31
23,020	0,50	-0,21	0,53
23,040	0,49	-0,19	0,65
23,060	0,49	-0,18	0,55
23,080	0,49	-0,17	0,42
23,100	0,48	-0,16	0,64
23,120	0,48	-0,15	0,77
23,140	0,48	-0,13	0,53
23,160	0,48	-0,13	0,63
23,180	0,47	-0,11	0,86
23,200	0,47	-0,09	0,87
23,220	0,47	-0,07	0,76
23,240	0,47	-0,06	0,63
23,260	0,47	-0,05	0,86
23,280	0,47	-0,03	0,87
23,300	0,47	-0,01	0,64
23,320	0,47	0,00	0,74
23,340	0,47	0,02	0,97
23,360	0,47	0,04	0,98
23,380	0,47	0,06	0,75
23,400	0,47	0,07	0,76
23,420	0,47	0,09	0,64
23,440	0,47	0,09	0,62
23,460	0,47	0,11	0,99
23,480	0,48	0,13	0,67
23,500	0,48	0,14	0,30
23,520	0,48	0,14	0,64
23,540	0,48	0,16	0,76
23,560	0,49	0,18	0,64
23,580	0,49	0,19	0,64
23,600	0,50	0,20	0,66
23,620	0,50	0,21	0,44
23,640	0,50	0,22	0,12
23,660	0,51	0,22	1,65
23,680	0,51	0,28	-0,42
23,700	0,52	0,20	-0,79
23,720	0,52	0,25	1,72
23,740	0,53	0,27	-4,65
23,760	0,53	0,07	-1,51
23,780	0,53	0,21	1,78
23,800	0,54	0,14	0,96
23,820	0,54	0,25	0,14
23,840	0,55	0,14	-6,76
23,860	0,54	-0,02	0,04
23,880	0,55	0,15	3,90
23,900	0,55	0,13	5,07
23,920	0,55	0,35	3,71
23,940	0,56	0,28	-1,88
23,960	0,57	0,27	4,79
23,980	0,57	0,47	0,27
24,000	0,59	0,28	-6,09
24,020	0,59	0,23	-4,88
24,040	0,59	0,09	-6,18
24,060	0,59	-0,02	1,13
24,080	0,59	0,13	3,58
24,100	0,59	0,13	-2,44
24,120	0,60	0,04	-0,65
24,140	0,60	0,10	6,40
24,160	0,60	0,29	3,45
24,180	0,61	0,24	-3,07
24,200	0,61	0,17	-6,52
24,220	0,61	-0,02	-3,55
24,240	0,61	0,03	3,35
24,260	0,62	0,11	-0,67
24,280	0,62	0,00	-3,23
24,300	0,62	-0,02	-0,54
24,320	0,62	-0,02	-0,67
24,340	0,62	-0,04	0,89
24,360	0,61	0,02	2,22
24,380	0,62	0,05	-2,46
24,400	0,62	-0,08	-4,29
24,420	0,61	-0,13	-0,55
24,440	0,61	-0,10	-0,34
24,460	0,61	-0,14	-1,47
24,480	0,60	-0,16	-0,55
24,500	0,60	-0,16	-0,43
24,520	0,60	-0,18	-0,45
24,540	0,59	-0,18	-0,19
24,560	0,59	-0,19	-0,43
24,580	0,59	-0,20	-1,83
24,600	0,58	-0,26	-2,16
24,620	0,58	-0,28	2,12
24,640	0,57	-0,18	1,39
24,660	0,57	-0,23	-3,02
24,680	0,56	-0,30	1,31
24,700	0,56	-0,18	1,29
24,720	0,56	-0,25	-3,27
24,740	0,55	-0,31	0,13
24,760	0,54	-0,24	1,40
24,780	0,54	-0,25	-6,01E-4
24,800	0,53	-0,24	0,01
24,820	0,53	-0,25	-0,14
24,840	0,52	-0,25	0,33
24,860	0,52	-0,24	0,22
24,880	0,51	-0,24	0,08
24,900	0,51	-0,23	0,53
24,920	0,50	-0,22	0,68
24,940	0,50	-0,21	0,22
24,960	0,50	-0,21	0,19
24,980	0,49	-0,20	0,53
25,000	0,49	-0,19	0,65
25,020	0,48	-0,17	0,53
25,040	0,48	-0,16	0,64
25,060	0,48	-0,15	0,76
25,080	0,48	-0,13	0,65
25,100	0,47	-0,12	0,64
25,120	0,47	-0,11	0,75
25,140	0,47	-0,09	0,75
25,160	0,47	-0,08	0,75
25,180	0,47	-0,06	0,76
25,200	0,46	-0,05	0,63
25,220	0,46	-0,04	0,85
25,240	0,46	-0,01	0,97
25,260	0,46	0,00	0,87
25,280	0,46	0,02	0,75
25,300	0,46	0,03	0,74
25,320	0,46	0,05	0,87
25,340	0,47	0,07	0,75
25,360	0,47	0,08	0,75
25,380	0,47	0,10	0,76
25,400	0,47	0,11	0,63
25,420	0,47	0,12	0,86
25,440	0,48	0,15	0,87
25,460	0,48	0,16	0,64
25,480	0,48	0,17	0,65
25,500	0,49	0,18	0,54
25,520	0,49	0,19	0,42
25,540	0,49	0,20	0,53
25,560	0,50	0,21	0,66
25,580	0,50	0,23	0,45
25,600	0,51	0,23	0,00
25,620	0,51	0,23	1,59
25,640	0,52	0,30	0,42
25,660	0,52	0,24	-1,16
25,680	0,53	0,25	1,63
25,700	0,53	0,31	-0,03
25,720	0,54	0,25	-1,07
25,740	0,54	0,27	-1,16
25,760	0,55	0,20	-0,22
25,780	0,55	0,26	3,06
25,800	0,56	0,32	-0,47
25,820	0,56	0,24	-1,34
25,840	0,57	0,27	-1,62
25,860	0,58	0,17	-5,98
25,880	0,58	0,03	-2,51
25,900	0,58	0,07	0,47
25,920	0,58	0,05	4,94
25,940	0,58	0,27	12,67
25,960	0,59	0,56	2,80
25,980	0,60	0,38	-11,18
26,000	0,60	0,11	-7,40
26,020	0,61	0,09	-0,77
26,040	0,61	0,08	-0,62
26,060	0,61	0,06	0,39
26,080	0,61	0,09	0,91
26,100	0,61	0,10	0,36
26,120	0,61	0,11	-0,23
26,140	0,62	0,09	1,27
26,160	0,62	0,16	1,90
26,180	0,62	0,16	-2,78
26,200	0,62	0,05	-4,27
26,220	0,62	-0,01	-3,42
26,240	0,62	-0,09	-2,50
26,260	0,62	-0,11	-0,52
26,280	0,62	-0,11	-4,77
26,300	0,62	-0,30	-3,58
26,320	0,61	-0,25	3,28
26,340	0,61	-0,17	3,66
26,360	0,60	-0,11	7,83
26,380	0,60	0,15	6,11
26,400	0,61	0,14	-2,62
26,420	0,61	0,04	-7,03
26,440	0,61	-0,14	-12,86
26,460	0,60	-0,47	-1,27
26,480	0,59	-0,19	14,11
26,500	0,59	0,09	4,30
26,520	0,59	-0,02	-12,30
26,540	0,59	-0,40	-7,73
26,560	0,58	-0,33	10,22
26,580	0,58	0,01	4,16
26,600	0,58	-0,16	-8,23
26,620	0,57	-0,32	-2,18
26,640	0,57	-0,25	1,09
26,660	0,56	-0,28	-0,49
26,680	0,56	-0,27	0,45
26,700	0,55	-0,26	-1,38
26,720	0,54	-0,33	-0,33
26,740	0,54	-0,27	1,27
26,760	0,53	-0,28	0,11
26,780	0,53	-0,27	0,12
26,800	0,52	-0,27	-0,02
26,820	0,52	-0,27	0,22
26,840	0,51	-0,26	0,20
26,860	0,51	-0,26	0,42
26,880	0,50	-0,25	0,56
26,900	0,50	-0,24	0,21
26,920	0,49	-0,24	0,29
26,940	0,49	-0,22	0,77
26,960	0,48	-0,21	0,54
26,980	0,48	-0,20	0,52
27,000	0,48	-0,19	0,80
27,020	0,47	-0,17	0,07
27,040	0,47	-0,18	0,57
27,060	0,46	-0,15	1,79
27,080	0,46	-0,11	0,79
27,100	0,46	-0,12	0,17
27,120	0,46	-0,10	0,85
27,140	0,46	-0,08	0,98
27,160	0,45	-0,07	0,75
27,180	0,45	-0,05	0,74
27,200	0,45	-0,04	0,97
27,220	0,45	-0,01	0,97
27,240	0,45	0,00	0,86
27,260	0,45	0,02	0,86
27,280	0,45	0,04	0,86
27,300	0,45	0,05	0,87
27,320	0,46	0,07	0,74
27,340	0,46	0,08	0,85
27,360	0,46	0,11	0,98
27,380	0,46	0,12	0,75
27,400	0,46	0,14	0,75
27,420	0,47	0,15	0,76
27,440	0,47	0,17	0,64
27,460	0,47	0,18	0,74
27,480	0,48	0,20	0,87
27,500	0,48	0,21	0,78
27,520	0,49	0,23	0,33
27,540	0,49	0,23	0,18
27,560	0,49	0,24	0,64
27,580	0,50	0,25	0,66
27,600	0,50	0,26	0,44
27,620	0,51	0,27	0,25
27,640	0,52	0,27	1,30
27,660	0,52	0,32	1,34
27,680	0,53	0,33	-0,98
27,700	0,53	0,28	-0,80
27,720	0,54	0,29	-1,63
27,740	0,55	0,22	0,22
27,760	0,55	0,30	-1,26
27,780	0,56	0,17	-0,39
27,800	0,56	0,29	2,98
27,820	0,57	0,29	-9,91
27,840	0,57	-0,11	-5,78
27,860	0,56	0,06	18,46
27,880	0,57	0,63	14,91
27,900	0,59	0,65	-10,09
27,920	0,59	0,22	-11,09
27,940	0,60	0,21	0,43
27,960	0,60	0,24	0,56
27,980	0,61	0,23	-1,08
28,000	0,61	0,20	-0,94
28,020	0,62	0,19	-1,31
28,040	0,62	0,15	-1,17
28,060	0,62	0,15	0,69
28,080	0,63	0,17	-7,87
28,100	0,63	-0,17	-4,29
28,120	0,62	0,00	4,03
28,140	0,63	-0,01	-5,40
28,160	0,62	-0,21	6,08
28,180	0,62	0,24	12,97
28,200	0,63	0,30	-0,48
28,220	0,63	0,22	-5,03
28,240	0,64	0,10	-5,37
28,260	0,64	0,00	-3,18
28,280	0,64	-0,02	0,74
28,300	0,64	0,03	-6,49
28,320	0,64	-0,28	-10,08
28,340	0,62	-0,37	7,22
28,360	0,62	0,01	10,62
28,380	0,62	0,05	-1,01
28,400	0,63	-0,03	-11,63
28,420	0,62	-0,41	-3,12
28,440	0,61	-0,16	8,13
28,460	0,62	-0,09	-3,62
28,480	0,61	-0,30	1,45
28,500	0,60	-0,03	-0,06
28,520	0,60	-0,31	-5,73
28,540	0,59	-0,26	-7,61
28,560	0,59	-0,61	1,02
28,580	0,57	-0,22	15,31
28,600	0,59	4,75E-4	-3,92
28,620	0,57	-0,37	0,86
28,640	0,57	0,03	3,29
28,660	0,57	-0,24	-10,40
28,680	0,56	-0,38	-6,04
28,700	0,55	-0,48	2,62
28,720	0,54	-0,28	5,33
28,740	0,54	-0,27	0,09
28,760	0,53	-0,27	2,00
28,780	0,53	-0,19	-0,47
28,800	0,52	-0,29	0,09
28,820	0,52	-0,19	0,50
28,840	0,52	-0,27	-2,09
28,860	0,51	-0,27	0,08
28,880	0,50	-0,27	0,42
28,900	0,50	-0,25	0,55
28,920	0,49	-0,25	0,42
28,940	0,49	-0,24	0,53
28,960	0,48	-0,22	0,66
28,980	0,48	-0,21	0,42
29,000	0,48	-0,21	0,51
29,020	0,47	-0,19	0,99
29,040	0,47	-0,17	0,65
29,060	0,47	-0,16	0,50
29,080	0,46	-0,15	1,09
29,100	0,46	-0,12	0,88
29,120	0,46	-0,11	0,52
29,140	0,45	-0,10	0,85
29,160	0,45	-0,08	0,98
29,180	0,45	-0,06	0,86
29,200	0,45	-0,04	0,86
29,220	0,45	-0,03	0,86
29,240	0,45	-0,01	0,86
29,260	0,45	0,01	0,85
29,280	0,45	0,02	0,97
29,300	0,45	0,05	0,97
29,320	0,45	0,06	0,86
29,340	0,45	0,08	0,87
29,360	0,45	0,10	0,75
29,380	0,46	0,11	0,74
29,400	0,46	0,13	0,87
29,420	0,46	0,15	0,76
29,440	0,47	0,16	0,64
29,460	0,47	0,17	0,75
29,480	0,47	0,19	0,75
29,500	0,48	0,20	0,76
29,520	0,48	0,22	0,65
29,540	0,48	0,23	0,54
29,560	0,49	0,24	0,44
29,580	0,49	0,24	0,19
29,600	0,50	0,25	0,54
29,620	0,50	0,27	0,46
29,640	0,51	0,27	-0,02
29,660	0,51	0,27	0,21
29,680	0,52	0,27	0,20
29,700	0,53	0,27	2,14
29,720	0,53	0,36	-0,63
29,740	0,54	0,25	-2,76
29,760	0,54	0,25	2,82
29,780	0,55	0,36	1,19
29,800	0,56	0,30	-1,75
29,820	0,56	0,29	-2,86
29,840	0,57	0,18	-0,72
29,860	0,57	0,26	1,89
29,880	0,58	0,26	-0,59
29,900	0,58	0,24	1,63
29,920	0,59	0,32	0,24
29,940	0,59	0,25	-2,97
29,960	0,60	0,21	-0,26
29,980	0,60	0,24	-6,86
30,000	0,61	-0,07	-1,43
30,020	0,60	0,18	13,42
30,040	0,61	0,47	-0,60
30,060	0,62	0,16	-8,36
30,080	0,62	0,13	-0,57
30,100	0,62	0,13	-0,12
30,120	0,63	0,13	-1,32
30,140	0,63	0,08	-1,03
30,160	0,63	0,09	-0,27
30,180	0,63	0,07	-0,85
30,200	0,63	0,05	-0,93
30,220	0,63	0,03	-1,45
30,240	0,63	0,00	-0,87
30,260	0,63	0,00	-0,74
30,280	0,63	-0,03	-0,91
30,300	0,63	-0,04	-0,25
30,320	0,63	-0,04	2,91
30,340	0,63	0,08	-47,83
30,360	0,63	-1,96	-8,37
30,380	0,55	-0,26	93,10
30,400	0,62	1,77	-2,40
30,420	0,62	-0,35	-48,21
30,440	0,61	-0,16	9,78
30,460	0,62	0,04	0,41
30,480	0,61	-0,15	-14,87
30,500	0,61	-0,56	-2,51
30,520	0,59	-0,25	17,10
30,540	0,60	0,13	-8,77
30,560	0,59	-0,60	-9,64
30,580	0,58	-0,26	16,93
30,600	0,58	0,08	0,46
30,620	0,58	-0,24	-8,70
30,640	0,57	-0,27	-0,62
30,660	0,57	-0,26	1,24
30,680	0,56	-0,22	-9,26
30,700	0,56	-0,63	-13,80
30,720	0,54	-0,77	9,06
30,740	0,53	-0,27	16,78
30,760	0,53	-0,10	8,83
30,780	0,53	0,08	3,49
30,800	0,53	0,04	-7,94
30,820	0,53	-0,24	-7,27
30,840	0,52	-0,25	-0,34
30,860	0,52	-0,25	-0,13
30,880	0,51	-0,25	0,19
30,900	0,51	-0,24	0,54
30,920	0,50	-0,23	0,54
30,940	0,50	-0,22	0,55
30,960	0,49	-0,21	0,42
30,980	0,49	-0,20	0,65
31,000	0,49	-0,19	0,65
31,020	0,48	-0,18	0,53
31,040	0,48	-0,16	0,65
31,060	0,48	-0,15	0,52
31,080	0,47	-0,14	0,74
31,100	0,47	-0,12	0,99
31,120	0,47	-0,10	0,65
31,140	0,47	-0,10	0,62
31,160	0,46	-0,08	0,97
31,180	0,46	-0,06	0,98
31,200	0,46	-0,04	0,75
31,220	0,46	-0,03	0,75
31,240	0,46	-0,01	0,75
31,260	0,46	0,00	0,75
31,280	0,46	0,02	0,87
31,300	0,46	0,04	0,75
31,320	0,46	0,05	0,75
31,340	0,46	0,07	0,74
31,360	0,46	0,08	0,84
31,380	0,47	0,10	1,10
31,400	0,47	0,12	0,67
31,420	0,47	0,13	0,30
31,440	0,47	0,14	0,63
31,460	0,48	0,15	0,87
31,480	0,48	0,17	0,77
31,500	0,48	0,18	0,54
31,520	0,49	0,19	0,43
31,540	0,49	0,20	0,42
31,560	0,50	0,21	0,55
31,580	0,50	0,22	0,35
31,600	0,50	0,22	-0,14
31,620	0,51	0,22	1,83
31,640	0,51	0,30	2,07
31,660	0,52	0,30	-1,40
31,680	0,52	0,24	-1,52
31,700	0,53	0,24	0,34
31,720	0,53	0,25	-1,48
31,740	0,54	0,18	-0,60
31,760	0,54	0,23	3,58
31,780	0,55	0,32	-0,56
31,800	0,55	0,21	-10,91
31,820	0,56	-0,11	-3,41
31,840	0,55	0,07	3,06
31,860	0,56	0,01	7,36
31,880	0,55	0,37	19,62
31,900	0,58	0,79	1,95
31,920	0,58	0,44	-65,45
31,940	0,59	-1,82	-10,32
31,960	0,51	0,03	99,34
31,980	0,59	2,15	-10,71
32,000	0,60	-0,40	-50,25
32,020	0,58	0,14	28,40
32,040	0,60	0,74	2,40
32,060	0,61	0,24	-19,27
32,080	0,61	-0,03	-75,89
32,100	0,61	-2,80	-5,46
32,120	0,50	-0,25	144,90
32,140	0,60	3,00	10,26
32,160	0,62	0,16	-74,53
32,180	0,60	0,02	11,85
32,200	0,62	0,63	-92,64
32,220	0,63	-3,69	-27,81
32,240	0,47	-0,48	183,93
32,260	0,61	3,67	9,23
32,280	0,62	-0,11	-179,58
32,300	0,60	-3,52	-71,23
32,320	0,48	-2,96	167,23
32,340	0,49	3,17	137,07
32,360	0,60	2,52	-84,21
32,380	0,59	-0,19	-67,07
32,400	0,60	-0,16	10,48
32,420	0,58	0,22	11,16
32,440	0,61	0,29	-21,45
32,460	0,59	-0,63	-3,88
32,480	0,58	0,13	-50,31
32,500	0,60	-2,65	-15,44
32,520	0,47	-0,49	132,09
32,540	0,58	2,64	12,42
32,560	0,58	0,01	-81,81
32,580	0,58	-0,63	-13,39
32,600	0,55	-0,52	-48,13
32,620	0,56	-2,56	19,48
32,640	0,45	0,26	62,96
32,660	0,57	-0,04	-19,07
32,680	0,45	-0,51	49,71
32,700	0,55	1,95	-45,36
32,720	0,53	-2,32	-50,03
32,740	0,45	-0,05	104,64
32,760	0,53	1,86	-47,02
32,780	0,53	-1,94	-104,84
32,800	0,45	-2,33	81,86
32,820	0,44	1,34	106,85
32,840	0,50	1,94	-28,77
32,860	0,51	0,19	-56,41
32,880	0,51	-0,31	-10,06
32,900	0,50	-0,21	3,82
32,920	0,50	-0,16	-3,55
32,940	0,50	-0,36	-0,19
32,960	0,49	-0,17	-1,59
32,980	0,49	-0,42	-13,48
33,000	0,47	-0,71	10,79
33,020	0,46	0,01	30,36
33,040	0,47	0,51	4,24
33,060	0,48	0,18	-17,07
33,080	0,48	-0,17	-11,70
33,100	0,47	-0,29	4,38
33,120	0,47	6,12E-4	10,66
33,140	0,47	0,14	-2,96
33,160	0,47	-0,12	-4,21
33,180	0,47	-0,03	4,98
33,200	0,47	0,08	-3,90
33,220	0,47	-0,18	-6,19
33,240	0,46	-0,17	9,98
33,260	0,47	0,22	9,60
33,280	0,47	0,22	-6,33
33,300	0,47	-0,04	-3,71
33,320	0,47	0,07	5,84
33,340	0,48	0,20	0,36
33,360	0,48	0,08	-2,18
33,380	0,48	0,11	1,71
33,400	0,48	0,15	0,38
33,420	0,49	0,12	-2,41
33,440	0,49	0,06	1,27
33,460	0,49	0,18	5,18
33,480	0,50	0,26	0,12
33,500	0,50	0,18	-1,88
33,520	0,50	0,19	0,54
33,540	0,51	0,20	0,56
33,560	0,51	0,21	0,24
33,580	0,52	0,21	-0,21
33,600	0,52	0,20	1,26
33,620	0,52	0,26	1,80
33,640	0,53	0,27	-0,84
33,660	0,53	0,23	-1,15
33,680	0,54	0,23	-0,10
33,700	0,54	0,22	-0,22
33,720	0,55	0,22	-0,13
33,740	0,55	0,22	0,18
33,760	0,56	0,23	0,70
33,780	0,56	0,25	0,12
33,800	0,57	0,23	-1,54
33,820	0,57	0,18	-1,07
33,840	0,57	0,19	-0,84
33,860	0,58	0,15	-4,41
33,880	0,58	0,01	2,12
33,900	0,58	0,24	8,95
33,920	0,59	0,37	-2,21
33,940	0,59	0,15	-6,12
33,960	0,60	0,13	0,69
33,980	0,60	0,18	0,26
34,000	0,60	0,14	-1,74
34,020	0,60	0,11	-0,07
34,040	0,61	0,13	-0,42
34,060	0,61	0,09	-1,92
34,080	0,61	0,06	-0,80
34,100	0,61	0,06	-0,23
34,120	0,61	0,05	0,01
34,140	0,61	0,06	0,06
34,160	0,61	0,05	-1,98
34,180	0,61	-0,02	-1,53
34,200	0,61	-0,01	0,16
34,220	0,61	-0,02	-0,51
34,240	0,61	-0,03	-0,79
34,260	0,61	-0,05	-1,66
34,280	0,61	-0,10	-1,17
34,300	0,61	-0,09	0,03
34,320	0,61	-0,10	-0,30
34,340	0,61	-0,11	-0,53
34,360	0,60	-0,12	-0,67
34,380	0,60	-0,13	-0,30
34,400	0,60	-0,13	-0,61
34,420	0,60	-0,16	-1,13
34,440	0,59	-0,18	-0,34
34,460	0,59	-0,17	-1,49
34,480	0,58	-0,24	-1,94
34,500	0,58	-0,25	0,84
34,520	0,57	-0,20	1,09
34,540	0,57	-0,21	1,08
34,560	0,57	-0,16	-0,24
34,580	0,56	-0,22	-2,89
34,600	0,56	-0,27	-0,33
34,620	0,55	-0,23	1,27
34,640	0,55	-0,22	0,13
34,660	0,54	-0,22	-0,22
34,680	0,54	-0,23	-0,13
34,700	0,53	-0,23	0,22
34,720	0,53	-0,22	0,12
34,740	0,53	-0,22	-0,02
34,760	0,52	-0,22	0,20
34,780	0,52	-0,22	0,44
34,800	0,51	-0,21	0,33
34,820	0,51	-0,20	0,22
34,840	0,50	-0,20	0,20
34,860	0,50	-0,19	0,42
34,880	0,50	-0,18	0,55
34,900	0,49	-0,17	0,43
34,920	0,49	-0,16	0,43
34,940	0,49	-0,16	0,41
34,960	0,48	-0,15	0,75
34,980	0,48	-0,13	0,88
35,000	0,48	-0,11	0,65
35,020	0,48	-0,10	0,54
35,040	0,47	-0,09	0,51
35,060	0,47	-0,08	0,98
35,080	0,47	-0,05	0,88
35,100	0,47	-0,04	0,52
35,120	0,47	-0,03	0,75
35,140	0,47	-0,01	0,76
35,160	0,47	-8,80E-4	0,64
35,180	0,47	0,01	0,63
35,200	0,47	0,02	0,86
35,220	0,47	0,05	0,87
35,240	0,47	0,06	0,64
35,260	0,47	0,07	0,75
35,280	0,47	0,09	0,77
35,300	0,48	0,10	0,54
35,320	0,48	0,11	0,55
35,340	0,48	0,12	0,28
35,360	0,48	0,12	0,81
35,380	0,49	0,16	1,58
35,400	0,49	0,19	0,44
35,420	0,49	0,17	0,20
35,440	0,50	0,19	0,44
35,460	0,50	0,19	0,31
35,480	0,50	0,21	0,61
35,500	0,51	0,22	-0,48
35,520	0,51	0,19	0,02
35,540	0,52	0,22	3,02
35,560	0,52	0,31	0,02
35,580	0,53	0,22	-3,75
35,600	0,53	0,16	2,17
35,620	0,54	0,31	2,21
35,640	0,54	0,25	-1,97
35,660	0,55	0,23	1,60
35,680	0,55	0,31	-1,02
35,700	0,56	0,19	-2,04
35,720	0,56	0,23	1,22
35,740	0,57	0,23	-3,47
35,760	0,57	0,09	-4,81
35,780	0,57	0,04	0,12
35,800	0,57	0,09	5,44
35,820	0,57	0,26	7,68
35,840	0,58	0,40	3,39
35,860	0,59	0,40	-4,16
35,880	0,60	0,23	-6,15
35,900	0,60	0,15	-1,68
35,920	0,60	0,17	-2,29
35,940	0,61	0,06	-0,91
35,960	0,61	0,13	3,98
35,980	0,61	0,22	0,14
36,000	0,61	0,14	-3,05
36,020	0,62	0,10	-1,24
36,040	0,62	0,09	-0,49
36,060	0,62	0,08	-1,12
36,080	0,62	0,04	-0,56
36,100	0,62	0,05	-0,24
36,120	0,62	0,03	-1,16
36,140	0,62	0,01	-1,42
36,160	0,62	-0,02	-1,25
36,180	0,62	-0,04	-0,45
36,200	0,62	-0,04	0,03
36,220	0,62	-0,04	-3,05
36,240	0,62	-0,16	-1,76
36,260	0,61	-0,11	4,38
36,280	0,62	0,01	-1,46
36,300	0,61	-0,17	-6,66
36,320	0,61	-0,26	2,27
36,340	0,60	-0,08	5,55
36,360	0,61	-0,03	-4,41
36,380	0,60	-0,26	-6,40
36,400	0,59	-0,29	2,11
36,420	0,59	-0,17	4,31
36,440	0,59	-0,12	0,57
36,460	0,59	-0,15	-4,18
36,480	0,58	-0,28	-1,85
36,500	0,58	-0,22	1,32
36,520	0,57	-0,23	-0,21
36,540	0,57	-0,23	-3,08
36,560	0,56	-0,35	-4,29
36,580	0,55	-0,40	5,60
36,600	0,55	-0,13	6,17
36,620	0,55	-0,16	-3,06
36,640	0,54	-0,25	-2,55
36,660	0,54	-0,26	-0,03
36,680	0,53	-0,25	0,33
36,700	0,53	-0,25	0,22
36,720	0,52	-0,25	0,10
36,740	0,52	-0,24	0,37
36,760	0,51	-0,23	-1,80
36,780	0,51	-0,31	-2,58
36,800	0,50	-0,33	1,98
36,820	0,49	-0,23	3,05
36,840	0,49	-0,21	0,99
36,860	0,49	-0,19	0,64
36,880	0,48	-0,19	0,73
36,900	0,48	-0,16	1,13
36,920	0,48	-0,14	0,38
36,940	0,47	-0,15	-0,47
36,960	0,47	-0,16	0,11
36,980	0,47	-0,15	1,76
37,000	0,46	-0,09	3,10
37,020	0,46	-0,02	0,18
37,040	0,46	-0,08	-2,90
37,060	0,46	-0,14	0,42
37,080	0,46	-0,07	2,45
37,100	0,46	-0,04	1,20
37,120	0,46	-0,02	0,98
37,140	0,46	-8,54E-4	0,74
37,160	0,46	0,01	0,85
37,180	0,46	0,03	2,82
37,200	0,46	0,12	2,70
37,220	0,46	0,14	-0,96
37,240	0,46	0,09	-1,18
37,260	0,46	0,09	0,52
37,280	0,47	0,11	0,74
37,300	0,47	0,12	0,87
37,320	0,47	0,14	0,65
37,340	0,47	0,15	0,53
37,360	0,48	0,16	0,64
37,380	0,48	0,18	0,64
37,400	0,48	0,19	0,75
37,420	0,49	0,21	0,78
37,440	0,49	0,22	0,34
37,460	0,50	0,22	0,08
37,480	0,50	0,22	0,54
37,500	0,51	0,24	0,56
37,520	0,51	0,24	0,21
37,540	0,52	0,25	0,24
37,560	0,52	0,25	1,50
37,580	0,53	0,31	0,08
37,600	0,53	0,26	-1,26
37,620	0,54	0,26	1,39
37,640	0,54	0,31	0,09
37,660	0,55	0,26	-1,27
37,680	0,55	0,26	0,02
37,700	0,56	0,26	-0,24
37,720	0,56	0,25	0,12
37,740	0,57	0,27	0,06
37,760	0,58	0,25	-0,80
37,780	0,58	0,24	-0,21
37,800	0,58	0,25	-0,15
37,820	0,59	0,23	-1,01
37,840	0,59	0,21	-0,45
37,860	0,60	0,21	-0,18
37,880	0,60	0,20	-0,67
37,900	0,61	0,18	-0,28
37,920	0,61	0,19	-0,72
37,940	0,61	0,16	-1,14
37,960	0,62	0,14	-0,36
37,980	0,62	0,14	0,21
38,000	0,62	0,15	-1,00
38,020	0,62	0,10	-2,11
38,040	0,63	0,07	8,89E-4
38,060	0,63	0,10	0,17
38,080	0,63	0,07	-1,87
38,100	0,63	0,03	-1,51
38,120	0,63	0,01	-0,22
38,140	0,63	0,02	-0,02
38,160	0,63	0,01	-1,02
38,180	0,63	-0,02	-1,79
38,200	0,63	-0,06	-1,07
38,220	0,63	-0,07	0,17
38,240	0,63	-0,05	-0,41
38,260	0,63	-0,08	-2,02
38,280	0,62	-0,13	-1,06
38,300	0,62	-0,12	0,12
38,320	0,62	-0,13	-1,38
38,340	0,62	-0,18	-0,40
38,360	0,61	-0,15	0,68
38,380	0,61	-0,15	-1,08
38,400	0,61	-0,19	-1,11
38,420	0,60	-0,20	-0,65
38,440	0,60	-0,21	-0,50
38,460	0,59	-0,22	-2,38
38,480	0,59	-0,31	-2,75
38,500	0,58	-0,33	3,72
38,520	0,58	-0,16	1,86
38,540	0,58	-0,25	-2,91
38,560	0,57	-0,28	-0,04
38,580	0,56	-0,25	-1,04
38,600	0,56	-0,32	-0,21
38,620	0,55	-0,26	1,29
38,640	0,55	-0,27	-0,12
38,660	0,54	-0,27	1,18E-12
38,680	0,54	-0,27	-0,01
38,700	0,53	-0,27	0,10
38,720	0,52	-0,26	0,22
38,740	0,52	-0,26	0,21
38,760	0,51	-0,25	0,32
38,780	0,51	-0,25	0,33
38,800	0,50	-0,24	0,20
38,820	0,50	-0,24	0,42
38,840	0,50	-0,22	0,55
38,860	0,49	-0,22	0,42
38,880	0,49	-0,21	0,65
38,900	0,48	-0,19	0,66
38,920	0,48	-0,18	0,42
38,940	0,48	-0,17	0,64
38,960	0,47	-0,16	0,75
38,980	0,47	-0,14	0,75
39,000	0,47	-0,13	0,76
39,020	0,46	-0,11	0,63
39,040	0,46	-0,10	0,85
39,060	0,46	-0,08	0,98
39,080	0,46	-0,06	0,76
39,100	0,46	-0,05	0,64
39,120	0,46	-0,04	0,75
39,140	0,46	-0,02	0,86
39,160	0,46	0,00	0,86
39,180	0,46	0,02	0,87
39,200	0,46	0,03	0,75
39,220	0,46	0,05	0,85
39,240	0,46	0,07	0,98
39,260	0,46	0,09	0,76
39,280	0,46	0,10	0,64
39,300	0,46	0,11	0,64
39,320	0,47	0,12	0,75
39,340	0,47	0,14	0,76
39,360	0,47	0,15	0,64
39,380	0,48	0,17	0,64
39,400	0,48	0,18	0,64
39,420	0,48	0,19	0,65
39,440	0,49	0,21	0,54
39,460	0,49	0,21	0,42
39,480	0,49	0,22	0,54
39,500	0,50	0,24	0,44
39,520	0,50	0,24	0,21
39,540	0,51	0,24	0,21
39,560	0,51	0,25	0,22
39,580	0,52	0,25	0,01
39,600	0,52	0,25	1,49
39,620	0,53	0,31	0,42
39,640	0,54	0,27	-2,77
39,660	0,54	0,20	1,30
39,680	0,54	0,32	1,39
39,700	0,55	0,26	-1,71
39,720	0,56	0,25	1,16
39,740	0,56	0,30	0,11
39,760	0,57	0,25	-1,46
39,780	0,57	0,25	-0,55
39,800	0,58	0,23	-0,33
39,820	0,58	0,23	-0,19
39,840	0,59	0,22	-0,55
39,860	0,59	0,21	-0,44
39,880	0,59	0,21	-0,31
39,900	0,60	0,20	-0,41
39,920	0,60	0,19	-0,63
39,940	0,61	0,17	-0,89
39,960	0,61	0,16	-0,57
39,980	0,61	0,15	-0,02
40,000	0,62	0,15	-1,02
40,020	0,62	0,11	-1,87
40,040	0,62	0,08	0,03
40,060	0,62	0,11	-0,24
40,080	0,62	0,07	-1,22
40,100	0,63	0,06	-0,70
40,120	0,63	0,04	-1,38
40,140	0,63	0,01	-0,33
40,160	0,63	0,03	-0,12
40,180	0,63	0,00	-1,30
40,200	0,63	-0,02	-1,21
40,220	0,63	-0,05	-0,85
40,240	0,63	-0,06	-0,93
40,260	0,62	-0,08	-1,51
40,280	0,62	-0,12	-0,15
40,300	0,62	-0,09	0,49
40,320	0,62	-0,10	-1,51
40,340	0,62	-0,15	-1,63
40,360	0,61	-0,16	-0,13
40,380	0,61	-0,15	0,20
40,400	0,61	-0,16	-0,84
40,420	0,60	-0,19	-2,55
40,440	0,60	-0,26	-1,98
40,460	0,59	-0,27	2,60
40,480	0,59	-0,15	2,83
40,500	0,59	-0,15	-3,12
40,520	0,58	-0,28	-2,06
40,540	0,58	-0,24	2,56
40,560	0,57	-0,18	-1,29
40,580	0,57	-0,29	-2,99
40,600	0,56	-0,30	0,96
40,620	0,56	-0,25	1,15
40,640	0,55	-0,25	0,23
40,660	0,55	-0,24	0,02
40,680	0,54	-0,25	-0,24
40,700	0,54	-0,25	0,10
40,720	0,53	-0,25	0,22
40,740	0,53	-0,24	0,11
40,760	0,52	-0,24	0,08
40,780	0,52	-0,24	0,44
40,800	0,51	-0,22	0,33
40,820	0,51	-0,22	0,22
40,840	0,50	-0,21	0,21
40,860	0,50	-0,22	-1,34
40,880	0,49	-0,27	-0,85
40,900	0,49	-0,25	2,16
40,920	0,48	-0,18	2,12
40,940	0,48	-0,16	1,01
40,960	0,48	-0,14	0,35
40,980	0,48	-0,15	-0,06
41,000	0,47	-0,14	1,00
41,020	0,47	-0,11	-1,05
41,040	0,47	-0,19	-3,57
41,060	0,46	-0,25	3,43
41,080	0,46	-0,05	7,45
41,100	0,46	0,04	1,96
41,120	0,46	0,03	0,06
41,140	0,46	0,05	-2,59
41,160	0,46	-0,07	-2,66
41,180	0,46	-0,06	2,02
41,200	0,46	0,01	2,41
41,220	0,46	0,04	1,64
41,240	0,46	0,07	2,94
41,260	0,46	0,15	2,48
41,280	0,47	0,17	0,68
41,300	0,47	0,18	0,21
41,320	0,47	0,18	-1,43
41,340	0,48	0,12	-1,08
41,360	0,48	0,14	0,65
41,380	0,48	0,15	0,54
41,400	0,48	0,16	0,54
41,420	0,49	0,17	0,54
41,440	0,49	0,18	0,43
41,460	0,50	0,19	0,43
41,480	0,50	0,20	0,43
41,500	0,50	0,21	0,45
41,520	0,51	0,21	0,21
41,540	0,51	0,21	0,21
41,560	0,52	0,22	0,35
41,580	0,52	0,23	-0,10
41,600	0,52	0,22	1,37
41,620	0,53	0,28	0,42
41,640	0,54	0,24	-2,76
41,660	0,54	0,17	1,18
41,680	0,54	0,28	1,59
41,700	0,55	0,24	-2,86
41,720	0,55	0,17	0,86
41,740	0,56	0,27	2,77
41,760	0,56	0,28	-2,68
41,780	0,57	0,16	-3,21
41,800	0,57	0,15	2,37
41,820	0,57	0,26	1,29
41,840	0,58	0,20	-3,22
41,860	0,58	0,13	0,76
41,880	0,59	0,23	2,39
41,900	0,59	0,23	-2,07
41,920	0,59	0,15	-1,86
41,940	0,60	0,15	-0,06
41,960	0,60	0,15	-0,62
41,980	0,60	0,13	-1,01
42,000	0,61	0,11	-0,46
42,020	0,61	0,11	-0,01
42,040	0,61	0,11	-1,13
42,060	0,61	0,06	-1,82
42,080	0,61	0,03	-0,59
42,100	0,61	0,04	0,01
42,120	0,61	0,03	-0,07
42,140	0,61	0,04	-0,41
42,160	0,62	0,02	-1,95
42,180	0,62	-0,04	-1,90
42,200	0,61	-0,06	0,34
42,220	0,61	-0,03	0,23
42,240	0,61	-0,05	-1,32
42,260	0,61	-0,08	-1,00
42,280	0,61	-0,09	-0,65
42,300	0,61	-0,11	-0,56
42,320	0,61	-0,11	-0,29
42,340	0,60	-0,12	-0,76
42,360	0,60	-0,14	-0,67
42,380	0,60	-0,15	-0,30
42,400	0,59	-0,15	-0,53
42,420	0,59	-0,17	-0,66
42,440	0,59	-0,18	-0,45
42,460	0,58	-0,18	-0,22
42,480	0,58	-0,19	-0,22
42,500	0,58	-0,19	-0,20
42,520	0,57	-0,20	-0,34
42,540	0,57	-0,21	-1,63
42,560	0,56	-0,26	-0,19
42,580	0,56	-0,21	2,56
42,600	0,56	-0,16	0,21
42,620	0,55	-0,21	-2,67
42,640	0,55	-0,27	-1,82
42,660	0,54	-0,28	2,45
42,680	0,54	-0,17	3,18
42,700	0,53	-0,15	-2,13
42,720	0,53	-0,25	-2,65
42,740	0,52	-0,26	1,27
42,760	0,52	-0,20	1,60
42,780	0,52	-0,19	0,33
42,800	0,51	-0,19	0,20
42,820	0,51	-0,19	0,42
42,840	0,50	-0,17	0,56
42,860	0,50	-0,16	0,22
42,880	0,50	-0,16	0,18
42,900	0,50	-0,16	0,64
42,920	0,49	-0,14	0,77
42,940	0,49	-0,13	0,54
42,960	0,49	-0,12	0,53
42,980	0,48	-0,10	0,65
43,000	0,48	-0,09	0,65
43,020	0,48	-0,08	0,65
43,040	0,48	-0,07	0,65
43,060	0,48	-0,05	0,65
43,080	0,48	-0,04	0,64
43,100	0,48	-0,03	0,75
43,120	0,48	-0,01	0,76
43,140	0,48	0,00	0,64
43,160	0,48	0,02	0,64
43,180	0,48	0,03	0,75
43,200	0,48	0,05	0,77
43,220	0,48	0,06	0,53
43,240	0,48	0,07	0,64
43,260	0,48	0,09	0,77
43,280	0,48	0,10	0,43
43,300	0,49	0,10	0,41
43,320	0,49	0,11	0,76
43,340	0,49	0,13	0,66
43,360	0,49	0,14	0,43
43,380	0,50	0,15	0,43
43,400	0,50	0,16	0,42
43,420	0,50	0,17	0,54
43,440	0,51	0,18	0,45
43,460	0,51	0,18	0,21
43,480	0,51	0,19	0,33
43,500	0,52	0,20	0,23
43,520	0,52	0,20	-0,01
43,540	0,52	0,20	0,08
43,560	0,53	0,20	0,44
43,580	0,53	0,21	0,37
43,600	0,54	0,22	-0,32
43,620	0,54	0,20	-0,36
43,640	0,55	0,20	0,00
43,660	0,55	0,20	1,51
43,680	0,55	0,26	0,23
43,700	0,56	0,21	-2,99
43,720	0,56	0,14	-0,54
43,740	0,57	0,19	1,24
43,760	0,57	0,19	-2,51
43,780	0,57	0,09	-0,84
43,800	0,57	0,16	1,67
43,820	0,58	0,16	2,28
43,840	0,58	0,25	2,36
43,860	0,59	0,25	-2,96
43,880	0,59	0,13	-5,14
43,900	0,60	0,04	-3,07
43,920	0,59	0,01	2,99
43,940	0,60	0,16	4,99
43,960	0,60	0,21	0,64
43,980	0,60	0,19	-3,32
44,000	0,61	0,08	-3,67
44,020	0,61	0,04	-0,82
44,040	0,61	0,04	0,26
44,060	0,61	0,05	-3,03
44,080	0,61	-0,08	-1,85
44,100	0,61	-0,02	4,10
44,120	0,61	0,09	0,31
44,140	0,61	-0,01	-5,21
44,160	0,61	-0,12	-0,97
44,180	0,60	-0,05	3,40
44,200	0,61	0,01	-1,28
44,220	0,60	-0,10	-2,91
44,240	0,60	-0,10	-0,21
44,260	0,60	-0,11	-0,32
44,280	0,60	-0,12	-0,32
44,300	0,60	-0,12	-0,30
44,320	0,59	-0,13	-0,52
44,340	0,59	-0,14	-2,18
44,360	0,59	-0,21	-2,08
44,380	0,58	-0,22	1,08
44,400	0,58	-0,17	1,19
44,420	0,58	-0,18	-0,32
44,440	0,57	-0,18	-0,43
44,460	0,57	-0,19	0,97
44,480	0,56	-0,15	1,16
44,500	0,56	-0,15	-1,29
44,520	0,56	-0,20	-2,79
44,540	0,55	-0,26	-1,71
44,560	0,55	-0,27	2,47
44,580	0,54	-0,16	2,88
44,600	0,54	-0,15	-1,07
44,620	0,54	-0,20	-2,80
44,640	0,53	-0,26	-1,51
44,660	0,53	-0,26	1,55
44,680	0,52	-0,20	1,08
44,700	0,52	-0,22	-0,52
44,720	0,51	-0,22	0,74
44,740	0,51	-0,19	0,99
44,760	0,51	-0,18	0,75
44,780	0,50	-0,16	0,95
44,800	0,50	-0,14	-0,32
44,820	0,50	-0,17	-0,29
44,840	0,49	-0,16	-0,85
44,860	0,49	-0,21	-1,20
44,880	0,48	-0,20	2,38
44,900	0,48	-0,11	2,30
44,920	0,48	-0,11	-0,04
44,940	0,48	-0,11	0,59
44,960	0,48	-0,09	1,41
44,980	0,47	-0,06	1,21
45,000	0,47	-0,04	0,79
45,020	0,47	-0,03	1,96
45,040	0,47	0,04	1,80
45,060	0,47	0,05	-1,12
45,080	0,47	-0,01	-0,52
45,100	0,47	0,03	0,91
45,120	0,48	0,03	0,05
45,140	0,48	0,03	0,95
45,160	0,48	0,07	1,25
45,180	0,48	0,08	0,20
45,200	0,48	0,08	0,39
45,220	0,48	0,09	0,97
45,240	0,48	0,11	1,01
45,260	0,49	0,13	0,33
45,280	0,49	0,13	0,18
45,300	0,49	0,14	0,76
45,320	0,49	0,16	0,66
45,340	0,50	0,17	0,44
45,360	0,50	0,18	0,32
45,380	0,50	0,18	0,32
45,400	0,51	0,19	0,32
45,420	0,51	0,19	0,31
45,440	0,52	0,20	0,45
45,460	0,52	0,21	0,23
45,480	0,52	0,21	-0,01
45,500	0,53	0,21	0,12
45,520	0,53	0,22	0,06
45,540	0,54	0,21	-0,64
45,560	0,54	0,19	-2,39
45,580	0,54	0,12	0,82
45,600	0,55	0,22	3,15
45,620	0,55	0,24	-1,76
45,640	0,56	0,15	-1,28
45,660	0,56	0,19	-1,42
45,680	0,56	0,10	-1,47
45,700	0,56	0,13	2,33
45,720	0,57	0,19	2,74
45,740	0,57	0,24	2,31
45,760	0,58	0,28	-1,29
45,780	0,58	0,19	-0,13
45,800	0,59	0,28	3,32
45,820	0,59	0,32	-1,85
45,840	0,60	0,20	-4,56
45,860	0,60	0,14	-1,20
45,880	0,60	0,15	-0,93
45,900	0,61	0,10	-1,34
45,920	0,61	0,10	-2,14
45,940	0,61	0,02	-1,12
45,960	0,61	0,06	1,02
45,980	0,61	0,06	-2,44
46,000	0,61	-0,04	0,05
46,020	0,61	0,06	-2,71
46,040	0,61	-0,15	-8,91
46,060	0,61	-0,30	4,70
46,080	0,60	0,04	15,37
46,100	0,61	0,32	3,15
46,120	0,62	0,16	-9,48
46,140	0,61	-0,06	-5,68
46,160	0,61	-0,06	-0,62
46,180	0,61	-0,08	-1,00
46,200	0,61	-0,10	-0,64
46,220	0,61	-0,11	-0,78
46,240	0,60	-0,13	-0,47
46,260	0,60	-0,13	0,07
46,280	0,60	-0,13	-0,81
46,300	0,60	-0,16	-1,47
46,320	0,59	-0,19	-0,45
46,340	0,59	-0,18	-1,73
46,360	0,59	-0,26	-0,49
46,380	0,58	-0,20	3,31
46,400	0,58	-0,13	-0,40
46,420	0,57	-0,21	-2,32
46,440	0,57	-0,22	-0,10
46,460	0,57	-0,22	-0,22
46,480	0,56	-0,23	-0,12
46,500	0,56	-0,22	0,12
46,520	0,55	-0,22	-1,62
46,540	0,55	-0,29	0,02
46,560	0,54	-0,22	-1,76
46,580	0,54	-0,36	-1,75
46,600	0,53	-0,29	6,50
46,620	0,53	-0,10	1,62
46,640	0,52	-0,23	-3,14
46,660	0,52	-0,22	0,22
46,680	0,51	-0,22	0,20
46,700	0,51	-0,22	0,44
46,720	0,50	-0,20	0,34
46,740	0,50	-0,20	0,08
46,760	0,50	-0,20	0,42
46,780	0,49	-0,19	0,65
46,800	0,49	-0,17	0,65
46,820	0,49	-0,16	0,55
46,840	0,48	-0,15	0,42
46,860	0,48	-0,14	0,53
46,880	0,48	-0,13	0,65
46,900	0,47	-0,12	0,64
46,920	0,47	-0,10	0,75
46,940	0,47	-0,09	0,76
46,960	0,47	-0,07	0,64
46,980	0,47	-0,06	0,75
47,000	0,47	-0,04	0,75
47,020	0,47	-0,03	0,75
47,040	0,47	-0,01	0,87
47,060	0,47	0,00	0,65
47,080	0,47	0,01	0,52
47,100	0,47	0,02	0,85
47,120	0,47	0,05	0,99
47,140	0,47	0,06	0,64
47,160	0,47	0,07	0,64
47,180	0,47	0,09	0,76
47,200	0,47	0,10	0,64
47,220	0,47	0,11	0,76
47,240	0,48	0,13	0,65
47,260	0,48	0,14	0,52
47,280	0,48	0,15	0,76
47,300	0,49	0,17	0,67
47,320	0,49	0,18	0,31
47,340	0,49	0,18	0,42
47,360	0,50	0,20	0,54
47,380	0,50	0,21	0,43
47,400	0,51	0,21	0,44
47,420	0,51	0,22	0,33
47,440	0,51	0,23	0,21
47,460	0,52	0,23	0,33
47,480	0,52	0,24	0,23
47,500	0,53	0,24	-0,01
47,520	0,53	0,24	0,11
47,540	0,54	0,24	0,12
47,560	0,54	0,25	-0,11
47,580	0,55	0,24	-0,22
47,600	0,55	0,24	1,40
47,620	0,56	0,30	0,00
47,640	0,56	0,24	-1,72
47,660	0,57	0,23	1,30
47,680	0,57	0,29	-0,08
47,700	0,58	0,22	-1,96
47,720	0,58	0,21	-0,22
47,740	0,59	0,22	-0,07
47,760	0,59	0,21	-0,54
47,780	0,59	0,19	-0,54
47,800	0,60	0,19	-0,54
47,820	0,60	0,17	-0,54
47,840	0,61	0,16	-0,54
47,860	0,61	0,15	-0,56
47,880	0,61	0,14	-0,26
47,900	0,61	0,14	-0,96
47,920	0,62	0,10	-1,12
47,940	0,62	0,10	-0,52
47,960	0,62	0,08	-0,77
47,980	0,62	0,06	-0,52
48,000	0,62	0,06	-0,72
48,020	0,62	0,04	-1,09
48,040	0,63	0,02	-0,87
48,060	0,63	0,00	-0,76
48,080	0,63	-0,01	-0,64
48,100	0,62	-0,02	-0,74
48,120	0,62	-0,04	-0,87
48,140	0,62	-0,06	-0,74
48,160	0,62	-0,07	-0,87
48,180	0,62	-0,09	-0,78
48,200	0,62	-0,10	-0,39
48,220	0,62	-0,11	-0,85
48,240	0,61	-0,14	-1,02
48,260	0,61	-0,15	-0,45
48,280	0,61	-0,15	-0,19
48,300	0,60	-0,16	-0,51
48,320	0,60	-0,17	-0,87
48,340	0,60	-0,19	-0,76
48,360	0,59	-0,21	-0,66
48,380	0,59	-0,22	-0,47
48,400	0,58	-0,22	0,01
48,420	0,58	-0,22	-0,06
48,440	0,58	-0,23	-0,67
48,460	0,57	-0,25	-0,37
48,480	0,57	-0,24	0,24
48,500	0,56	-0,24	-0,09
48,520	0,56	-0,24	-0,34
48,540	0,55	-0,25	-0,12
48,560	0,55	-0,25	0,20
48,580	0,54	-0,24	-1,06
48,600	0,54	-0,29	-1,49
48,620	0,53	-0,30	1,27
48,640	0,53	-0,24	1,62
48,660	0,52	-0,24	-0,01
48,680	0,52	-0,24	0,08
48,700	0,51	-0,23	0,55
48,720	0,51	-0,22	0,44
48,740	0,50	-0,22	0,32
48,760	0,50	-0,21	0,44
48,780	0,49	-0,20	0,32
48,800	0,49	-0,19	0,42
48,820	0,49	-0,18	0,65
48,840	0,48	-0,17	0,54
48,860	0,48	-0,16	0,52
48,880	0,48	-0,15	0,75
48,900	0,47	-0,13	0,76
48,920	0,47	-0,12	0,64
48,940	0,47	-0,10	0,75
48,960	0,47	-0,09	0,88
48,980	0,47	-0,07	0,65
49,000	0,46	-0,06	0,52
49,020	0,46	-0,05	0,86
49,040	0,46	-0,03	0,87
49,060	0,46	-0,01	0,64
49,080	0,46	0,00	0,75
49,100	0,46	0,02	0,85
49,120	0,46	0,03	0,98
49,140	0,46	0,06	0,77
49,160	0,46	0,06	0,52
49,180	0,47	0,08	0,75
49,200	0,47	0,09	0,76
49,220	0,47	0,11	0,64
49,240	0,47	0,12	0,64
49,260	0,47	0,13	0,64
49,280	0,48	0,15	0,64
49,300	0,48	0,16	0,65
49,320	0,48	0,17	0,54
49,340	0,49	0,18	0,54
49,360	0,49	0,19	0,54
49,380	0,49	0,20	0,43
49,400	0,50	0,21	0,43
49,420	0,50	0,22	0,44
49,440	0,51	0,23	0,34
49,460	0,51	0,23	0,11
49,480	0,52	0,23	0,10
49,500	0,52	0,24	0,22
49,520	0,53	0,24	0,11
49,540	0,53	0,24	0,11
49,560	0,54	0,24	0,12
49,580	0,54	0,24	-3,26E-12
49,600	0,55	0,24	0,01
49,620	0,55	0,25	-0,20
49,640	0,56	0,24	1,16
49,660	0,56	0,29	0,23
49,680	0,57	0,25	-2,97
49,700	0,57	0,17	-0,88
49,720	0,57	0,21	2,35
49,740	0,58	0,27	1,30
49,760	0,58	0,26	-1,61
49,780	0,59	0,20	-1,71
49,800	0,59	0,19	-0,42
49,820	0,60	0,19	-0,52
49,840	0,60	0,17	-0,76
49,860	0,60	0,16	-0,67
49,880	0,61	0,15	-0,29
49,900	0,61	0,14	-0,62
49,920	0,61	0,12	-1,00
49,940	0,61	0,10	-0,53
49,960	0,62	0,10	-0,63
49,980	0,62	0,08	-0,90
50,000	0,62	0,06	-0,40
50,020	0,62	0,06	-0,70
50,040	0,62	0,04	-1,33
50,060	0,62	0,01	-0,89
50,080	0,62	0,00	-0,53
50,100	0,62	-0,01	-0,64
50,120	0,62	-0,02	-0,75
50,140	0,62	-0,04	-0,76
50,160	0,62	-0,05	-0,64
50,180	0,62	-0,07	-0,74
50,200	0,62	-0,08	-0,89
50,220	0,62	-0,10	-0,55
50,240	0,61	-0,11	-0,37
50,260	0,61	-0,12	-1,09
50,280	0,61	-0,15	-1,02
50,300	0,61	-0,16	-0,43
50,320	0,60	-0,17	-0,44
50,340	0,60	-0,18	-0,32
50,360	0,60	-0,18	-0,31
50,380	0,59	-0,19	-0,45
50,400	0,59	-0,20	-0,23
50,420	0,58	-0,20	0,05
50,440	0,58	-0,20	-0,50
50,460	0,58	-0,22	-1,03
50,480	0,57	-0,24	-0,26
50,500	0,57	-0,23	0,36
50,520	0,56	-0,22	-0,10
50,540	0,56	-0,23	-0,24
50,560	0,55	-0,23	0,22
50,580	0,55	-0,22	-1,38
50,600	0,54	-0,29	-0,33
50,620	0,54	-0,24	2,88
50,640	0,53	-0,17	0,42
50,660	0,53	-0,22	-2,46
50,680	0,53	-0,27	-1,38
50,700	0,52	-0,28	1,37
50,720	0,51	-0,22	1,82
50,740	0,51	-0,20	0,44
50,760	0,51	-0,20	0,32
50,780	0,50	-0,19	0,32
50,800	0,50	-0,19	0,31
50,820	0,49	-0,18	0,54
50,840	0,49	-0,16	0,53
50,860	0,49	-0,16	0,65
50,880	0,49	-0,14	0,66
50,900	0,48	-0,13	0,42
50,920	0,48	-0,12	0,63
50,940	0,48	-0,10	0,88
50,960	0,48	-0,09	0,65
50,980	0,47	-0,08	0,52
51,000	0,47	-0,07	0,75
51,020	0,47	-0,05	0,76
51,040	0,47	-0,04	0,64
51,060	0,47	-0,02	0,75
51,080	0,47	-0,01	0,87
51,100	0,47	0,01	0,76
51,120	0,47	0,02	0,65
51,140	0,47	0,04	0,54
51,160	0,47	0,05	0,52
51,180	0,47	0,06	0,74
51,200	0,47	0,08	0,87
51,220	0,48	0,09	0,65
51,240	0,48	0,10	0,52
51,260	0,48	0,11	0,77
51,280	0,48	0,13	0,55
51,300	0,49	0,14	0,31
51,320	0,49	0,15	0,54
51,340	0,49	0,16	0,54
51,360	0,49	0,17	0,42
51,380	0,50	0,18	0,54
51,400	0,50	0,19	0,56
51,420	0,51	0,20	0,21
51,440	0,51	0,20	0,21
51,460	0,51	0,21	0,35
51,480	0,52	0,21	-2,57E-4
51,500	0,52	0,21	-0,03
51,520	0,53	0,21	0,44
51,540	0,53	0,22	0,37
51,560	0,53	0,22	-0,33
51,580	0,54	0,21	-0,25
51,600	0,54	0,21	0,23
51,620	0,55	0,22	0,02
51,640	0,55	0,22	-0,21
51,660	0,56	0,21	-0,22
51,680	0,56	0,21	-0,10
51,700	0,56	0,21	-0,30
51,720	0,57	0,19	0,74
51,740	0,57	0,24	1,06
51,760	0,58	0,24	-1,49
51,780	0,58	0,18	-1,70
51,800	0,59	0,17	-0,53
51,820	0,59	0,16	-0,66
51,840	0,59	0,14	-0,46
51,860	0,59	0,14	-0,07
51,880	0,60	0,14	-0,51
51,900	0,60	0,12	-0,89
51,920	0,60	0,10	-0,53
51,940	0,60	0,10	-0,66
51,960	0,61	0,08	-0,41
51,980	0,61	0,08	-0,59
52,000	0,61	0,05	-1,35
52,020	0,61	0,03	-0,68
52,040	0,61	0,03	-0,18
52,060	0,61	0,02	-0,64
52,080	0,61	0,00	-0,75
52,100	0,61	-0,01	-0,76
52,120	0,61	-0,03	-0,65
52,140	0,61	-0,04	-0,62
52,160	0,61	-0,05	-1,00
52,180	0,61	-0,08	-0,66
52,200	0,61	-0,08	-0,42
52,220	0,60	-0,09	-0,56
52,240	0,60	-0,10	-0,29
52,260	0,60	-0,11	-0,62
52,280	0,60	-0,13	-1,02
52,300	0,59	-0,15	-0,37
52,320	0,59	-0,14	0,26
52,340	0,59	-0,14	-0,28
52,360	0,59	-0,15	-0,89
52,380	0,58	-0,17	-0,57
52,400	0,58	-0,18	-0,21
52,420	0,58	-0,18	-0,31
52,440	0,57	-0,19	-0,43
52,460	0,57	-0,20	-0,46
52,480	0,56	-0,21	-0,13
52,500	0,56	-0,20	0,13
52,520	0,56	-0,20	-0,12
52,540	0,55	-0,21	0,11
52,560	0,55	-0,20	0,12
52,580	0,54	-0,20	-0,12
52,600	0,54	-0,20	0,11
52,620	0,54	-0,20	0,12
52,640	0,53	-0,20	0,07
52,660	0,53	-0,19	-0,98
52,680	0,52	-0,24	-1,03
52,700	0,52	-0,24	1,39
52,720	0,51	-0,18	1,58
52,740	0,51	-0,17	0,54
52,760	0,51	-0,16	0,56
52,780	0,50	-0,15	0,22
52,800	0,50	-0,15	0,08
52,820	0,50	-0,15	0,52
52,840	0,50	-0,13	0,78
52,860	0,49	-0,12	0,32
52,880	0,49	-0,12	0,41
52,900	0,49	-0,10	0,77
52,920	0,49	-0,09	0,52
52,940	0,49	-0,08	0,75
52,960	0,48	-0,06	0,78
52,980	0,48	-0,05	0,31
53,000	0,48	-0,04	
