Messreihe #1	Messreihe #1	Messreihe #1	Messreihe #1
Zeit (s)	Position (m)	Geschwindigkeit (m/s)	Beschleunigung (m/s²)
0,000	0,49		
0,020	0,47	-0,42	
0,040	0,47	-0,18	-0,43
0,060	0,46	-0,44	-4,09
0,080	0,46	-0,35	4,69
0,100	0,45	-0,25	0,44
0,120	0,45	-0,33	-3,50
0,140	0,44	-0,39	2,69
0,160	0,43	-0,22	4,77
0,180	0,43	-0,20	-1,18
0,200	0,42	-0,27	-1,32
0,220	0,42	-0,25	0,97
0,240	0,41	-0,23	0,98
0,260	0,41	-0,21	0,76
0,280	0,40	-0,20	0,64
0,300	0,40	-0,19	0,75
0,320	0,40	-0,17	0,86
0,340	0,39	-0,15	0,85
0,360	0,39	-0,13	1,06
0,380	0,39	-0,11	1,30
0,400	0,39	-0,08	1,08
0,420	0,38	-0,07	0,97
0,440	0,38	-0,04	0,97
0,460	0,38	-0,03	0,85
0,480	0,38	-0,01	1,07
0,500	0,38	0,02	1,09
0,520	0,38	0,03	0,85
0,540	0,38	0,05	0,96
0,560	0,39	0,07	1,08
0,580	0,39	0,09	0,97
0,600	0,39	0,11	0,95
0,620	0,39	0,13	1,19
0,640	0,39	0,16	1,09
0,660	0,40	0,18	0,75
0,680	0,40	0,19	0,75
0,700	0,41	0,21	0,74
0,720	0,41	0,22	0,85
0,740	0,41	0,24	0,98
0,760	0,42	0,26	0,77
0,780	0,42	0,27	0,41
0,800	0,43	0,27	0,71
0,820	0,44	0,30	1,44
0,840	0,44	0,33	0,68
0,860	0,45	0,33	0,07
0,880	0,45	0,33	0,64
0,900	0,46	0,35	0,66
0,920	0,47	0,36	0,44
0,940	0,48	0,37	0,64
0,960	0,48	0,39	-4,40
0,980	0,49	0,19	-0,18
1,000	0,49	0,38	9,65
1,020	0,51	0,58	0,51
1,040	0,51	0,40	-4,36
1,060	0,52	0,40	1,52
1,080	0,53	0,46	0,22
1,100	0,54	0,41	-5,91
1,120	0,55	0,22	-3,87
1,140	0,55	0,26	9,37
1,160	0,56	0,60	9,09
1,180	0,57	0,62	-11,92
1,200	0,58	0,12	-10,94
1,220	0,58	0,18	12,83
1,240	0,59	0,63	9,66
1,260	0,60	0,57	-11,14
1,280	0,61	0,19	-6,17
1,300	0,61	0,32	11,04
1,320	0,63	0,63	2,99
1,340	0,64	0,44	-7,57
1,360	0,64	0,33	-3,34
1,380	0,65	0,31	0,66
1,400	0,66	0,35	1,19
1,420	0,66	0,36	-6,06
1,440	0,67	0,11	-9,01
1,460	0,67	0,00	2,43
1,480	0,67	0,21	9,42
1,500	0,68	0,37	4,40
1,520	0,68	0,38	-2,12
1,540	0,69	0,29	-9,46
1,560	0,70	0,01	-10,69
1,580	0,69	-0,14	3,35
1,600	0,69	0,14	11,17
1,620	0,70	0,31	1,06
1,640	0,70	0,18	-3,65
1,660	0,71	0,16	-0,94
1,680	0,71	0,14	-4,80
1,700	0,71	-0,03	-3,43
1,720	0,71	0,01	2,59
1,740	0,71	0,07	-0,77
1,760	0,71	-0,02	-3,07
1,780	0,71	-0,05	-1,30
1,800	0,71	-0,08	-1,22
1,820	0,71	-0,10	-0,87
1,840	0,71	-0,11	-0,52
1,860	0,70	-0,12	-3,03
1,880	0,70	-0,23	-3,24
1,900	0,69	-0,25	1,75
1,920	0,69	-0,16	-0,74
1,940	0,69	-0,28	-3,62
1,960	0,68	-0,31	0,78
1,980	0,68	-0,25	-0,87
2,000	0,67	-0,34	0,06
2,020	0,66	-0,24	5,99
2,040	0,66	-0,10	0,71
2,060	0,66	-0,22	-4,97
2,080	0,65	-0,30	-4,88
2,100	0,65	-0,41	-4,94
2,120	0,64	-0,50	-0,38
2,140	0,63	-0,43	2,70
2,160	0,62	-0,39	4,09
2,180	0,61	-0,26	3,33
2,200	0,61	-0,26	-3,23
2,220	0,60	-0,39	-3,47
2,240	0,59	-0,39	-0,51
2,260	0,58	-0,41	-0,93
2,280	0,58	-0,43	-0,18
2,300	0,57	-0,42	0,78
2,320	0,56	-0,40	0,49
2,340	0,55	-0,40	-0,31
2,360	0,54	-0,41	-0,37
2,380	0,53	-0,41	-1,19
2,400	0,53	-0,46	-1,26
2,420	0,52	-0,46	1,31
2,440	0,51	-0,41	1,29
2,460	0,50	-0,41	-2,00
2,480	0,49	-0,49	0,24
2,500	0,48	-0,40	4,98
2,520	0,47	-0,29	1,50
2,540	0,47	-0,34	-1,70
2,560	0,46	-0,36	-2,31
2,580	0,45	-0,44	-0,07
2,600	0,44	-0,36	4,84
2,620	0,44	-0,24	1,58
2,640	0,43	-0,30	-1,39
2,660	0,43	-0,30	0,30
2,680	0,42	-0,28	0,63
2,700	0,42	-0,27	0,96
2,720	0,41	-0,25	1,10
2,740	0,41	-0,23	0,75
2,760	0,40	-0,22	0,86
2,780	0,40	-0,19	0,98
2,800	0,39	-0,18	0,86
2,820	0,39	-0,16	0,86
2,840	0,39	-0,14	0,85
2,860	0,39	-0,13	1,07
2,880	0,38	-0,10	1,20
2,900	0,38	-0,08	0,97
2,920	0,38	-0,06	0,96
2,940	0,38	-0,04	1,18
2,960	0,38	-0,01	1,30
2,980	0,38	0,01	1,19
3,000	0,38	0,03	0,97
3,020	0,38	0,05	0,86
3,040	0,38	0,07	0,85
3,060	0,38	0,08	1,06
3,080	0,38	0,11	1,30
3,100	0,39	0,14	1,08
3,120	0,39	0,15	0,97
3,140	0,39	0,18	0,98
3,160	0,40	0,19	0,74
3,180	0,40	0,21	0,85
3,200	0,40	0,23	1,09
3,220	0,41	0,25	0,86
3,240	0,41	0,26	0,74
3,260	0,42	0,28	0,86
3,280	0,43	0,30	0,76
3,300	0,43	0,31	0,64
3,320	0,44	0,32	0,64
3,340	0,44	0,33	0,75
3,360	0,45	0,35	0,76
3,380	0,46	0,36	0,54
3,400	0,47	0,37	0,41
3,420	0,47	0,38	0,64
3,440	0,48	0,40	0,68
3,460	0,49	0,41	0,11
3,480	0,50	0,40	-0,02
3,500	0,51	0,41	0,22
3,520	0,51	0,41	1,64
3,540	0,52	0,47	1,33
3,560	0,53	0,47	-0,85
3,580	0,54	0,44	-1,00
3,600	0,55	0,43	-0,61
3,620	0,56	0,41	0,48
3,640	0,57	0,44	-0,05
3,660	0,58	0,41	-0,93
3,680	0,58	0,41	0,01
3,700	0,59	0,41	-0,19
3,720	0,60	0,40	0,86
3,740	0,61	0,45	1,08
3,760	0,62	0,44	-1,60
3,780	0,63	0,38	-1,82
3,800	0,63	0,37	-0,66
3,820	0,64	0,36	0,79
3,840	0,65	0,40	0,60
3,860	0,66	0,38	-2,62
3,880	0,66	0,30	-2,31
3,900	0,67	0,29	-0,41
3,920	0,67	0,28	-0,61
3,940	0,68	0,26	-0,97
3,960	0,68	0,24	-0,98
3,980	0,69	0,23	-0,86
4,000	0,69	0,21	-0,87
4,020	0,70	0,19	-0,75
4,040	0,70	0,18	-0,74
4,060	0,70	0,16	-0,83
4,080	0,71	0,14	-1,16
4,100	0,71	0,11	-1,45
4,120	0,71	0,09	-0,86
4,140	0,71	0,08	-0,79
4,160	0,72	0,06	-1,55
4,180	0,72	0,02	-1,14
4,200	0,72	0,01	-0,34
4,220	0,72	0,00	-1,23
4,240	0,72	-0,04	-1,91
4,260	0,72	-0,07	-1,11
4,280	0,71	-0,08	-0,73
4,300	0,71	-0,10	-0,95
4,320	0,71	-0,12	-1,19
4,340	0,71	-0,15	-1,09
4,360	0,70	-0,17	-0,97
4,380	0,70	-0,19	-0,99
4,400	0,70	-0,21	-0,74
4,420	0,69	-0,22	-0,86
4,440	0,69	-0,24	-0,88
4,460	0,68	-0,25	-0,50
4,480	0,68	-0,26	-2,29
4,500	0,67	-0,34	-0,89
4,520	0,66	-0,30	0,92
4,540	0,66	-0,31	-2,37
4,560	0,65	-0,39	-1,22
4,580	0,64	-0,36	0,89
4,600	0,64	-0,35	-3,93
4,620	0,63	-0,51	-11,45
4,640	0,62	-0,81	-1,48
4,660	0,60	-0,57	-80,88
4,680	0,59	-4,05	-5,35
4,700	0,44	-0,79	183,79
4,720	0,56	3,30	24,64
4,740	0,57	0,20	-85,80
4,760	0,57	-0,13	-15,36
4,780	0,56	-0,42	-7,80
4,800	0,55	-0,44	0,18
4,820	0,55	-0,41	-3,58
4,840	0,54	-0,58	-6,93
4,860	0,52	-0,69	3,59
4,880	0,51	-0,44	11,34
4,900	0,50	-0,23	3,79
4,920	0,50	-0,29	-4,14
4,940	0,49	-0,40	-6,76
4,960	0,48	-0,56	-5,86
4,980	0,47	-0,63	-2,14
5,000	0,46	-0,64	-1,23
5,020	0,44	-0,68	6,52
5,040	0,43	-0,38	11,49
5,060	0,43	-0,22	3,25
5,080	0,42	-0,25	1,18
5,100	0,42	-0,18	1,40
5,120	0,42	-0,20	-0,80
5,140	0,41	-0,21	3,92
5,160	0,41	-0,04	3,57
5,180	0,41	-0,06	-4,56
5,200	0,41	-0,22	-4,02
5,220	0,40	-0,22	0,51
5,240	0,40	-0,20	1,10
5,260	0,39	-0,18	0,74
5,280	0,39	-0,17	0,93
5,300	0,39	-0,14	1,65
5,320	0,38	-0,11	0,99
5,340	0,38	-0,10	0,62
5,360	0,38	-0,08	1,18
5,380	0,38	-0,06	1,19
5,400	0,38	-0,04	1,09
5,420	0,38	-0,01	0,85
5,440	0,38	0,00	1,06
5,460	0,38	0,03	1,30
5,480	0,38	0,05	1,18
5,500	0,38	0,08	1,20
5,520	0,38	0,10	0,85
5,540	0,38	0,11	0,95
5,560	0,38	0,14	1,19
5,580	0,39	0,16	0,97
5,600	0,39	0,18	0,85
5,620	0,39	0,19	1,08
5,640	0,40	0,22	0,98
5,660	0,40	0,23	0,74
5,680	0,41	0,25	0,97
5,700	0,41	0,27	0,98
5,720	0,42	0,29	0,76
5,740	0,42	0,30	0,64
5,760	0,43	0,31	0,75
5,780	0,44	0,33	0,76
5,800	0,44	0,34	0,55
5,820	0,45	0,35	0,31
5,840	0,46	0,36	0,65
5,860	0,47	0,38	-1,30
5,880	0,47	0,30	0,26
5,900	0,48	0,39	4,79
5,920	0,49	0,49	0,62
5,940	0,50	0,41	-2,43
5,960	0,51	0,40	0,07
5,980	0,51	0,42	2,34
6,000	0,52	0,49	0,12
6,020	0,53	0,42	-6,59
6,040	0,54	0,23	-0,68
6,060	0,54	0,39	7,54
6,080	0,55	0,53	2,98
6,100	0,56	0,51	-0,71
6,120	0,58	0,50	-5,45
6,140	0,58	0,30	-4,80
6,160	0,59	0,31	0,48
6,180	0,60	0,31	-0,94
6,200	0,60	0,27	8,05
6,220	0,61	0,64	9,47
6,240	0,63	0,65	-6,76
6,260	0,63	0,37	-7,31
6,280	0,64	0,36	-0,51
6,300	0,65	0,35	-0,95
6,320	0,65	0,32	0,11
6,340	0,66	0,35	0,33
6,360	0,67	0,33	-2,18
6,380	0,67	0,26	-1,96
6,400	0,68	0,25	-0,41
6,420	0,68	0,25	-0,61
6,440	0,69	0,23	-0,95
6,460	0,69	0,21	-1,07
6,480	0,70	0,19	-1,08
6,500	0,70	0,17	-0,99
6,520	0,70	0,15	-0,74
6,540	0,71	0,14	-0,84
6,560	0,71	0,11	-1,07
6,580	0,71	0,09	-1,06
6,600	0,71	0,07	-1,18
6,620	0,71	0,05	-1,18
6,640	0,71	0,02	-1,19
6,660	0,71	0,00	-1,09
6,680	0,71	-0,02	-0,95
6,700	0,71	-0,04	-1,21
6,720	0,71	-0,07	-0,98
6,740	0,71	-0,08	-0,86
6,760	0,71	-0,10	-0,86
6,780	0,71	-0,11	-0,79
6,800	0,70	-0,13	-1,53
6,820	0,70	-0,18	-1,37
6,840	0,70	-0,19	-0,52
6,860	0,69	-0,20	-0,74
6,880	0,69	-0,22	-0,89
6,900	0,68	-0,23	-0,52
6,920	0,68	-0,24	-0,72
6,940	0,68	-0,26	-1,11
6,960	0,67	-0,28	-0,63
6,980	0,66	-0,29	-2,01
7,000	0,66	-0,36	-2,66
7,020	0,65	-0,39	0,64
7,040	0,64	-0,34	0,80
7,060	0,64	-0,36	-1,02
7,080	0,63	-0,38	0,48
7,100	0,62	-0,34	-10,28
7,120	0,61	-0,79	-17,84
7,140	0,59	-1,05	15,73
7,160	0,57	-0,16	30,52
7,180	0,58	0,17	-3,57
7,200	0,58	-0,30	-16,70
7,220	0,57	-0,50	-4,55
7,240	0,56	-0,49	4,37
7,260	0,55	-0,33	4,34
7,280	0,55	-0,31	-6,04
7,300	0,54	-0,57	-11,80
7,320	0,52	-0,78	6,67
7,340	0,51	-0,30	17,20
7,360	0,51	-0,10	-2,26
7,380	0,50	-0,39	-7,41
7,400	0,50	-0,39	0,37
7,420	0,49	-0,38	-1,49
7,440	0,48	-0,45	-9,12
7,460	0,47	-0,74	-0,55
7,480	0,45	-0,47	19,03
7,500	0,45	0,02	8,24
7,520	0,45	-0,14	-8,58
7,540	0,45	-0,32	-4,05
7,560	0,44	-0,31	0,65
7,580	0,43	-0,30	0,62
7,600	0,43	-0,28	1,09
7,620	0,42	-0,25	0,88
7,640	0,42	-0,25	0,63
7,660	0,41	-0,23	0,86
7,680	0,41	-0,21	0,86
7,700	0,40	-0,19	0,87
7,720	0,40	-0,18	0,75
7,740	0,40	-0,16	0,84
7,760	0,39	-0,14	1,18
7,780	0,39	-0,12	1,20
7,800	0,39	-0,10	0,97
7,820	0,39	-0,08	0,96
7,840	0,39	-0,06	1,08
7,860	0,38	-0,04	0,97
7,880	0,38	-0,02	0,85
7,900	0,38	0,00	0,96
7,920	0,38	0,02	1,07
7,940	0,38	0,04	1,07
7,960	0,39	0,06	1,07
7,980	0,39	0,08	1,07
8,000	0,39	0,11	1,08
8,020	0,39	0,13	0,97
8,040	0,39	0,15	0,86
8,060	0,40	0,16	0,86
8,080	0,40	0,18	0,87
8,100	0,40	0,20	0,75
8,120	0,41	0,21	0,74
8,140	0,41	0,23	0,97
8,160	0,42	0,25	0,86
8,180	0,42	0,26	0,74
8,200	0,43	0,28	0,87
8,220	0,43	0,30	0,65
8,240	0,44	0,30	0,53
8,260	0,45	0,32	0,65
8,280	0,45	0,33	0,54
8,300	0,46	0,34	0,54
8,320	0,47	0,35	0,55
8,340	0,47	0,36	0,31
8,360	0,48	0,36	0,42
8,380	0,49	0,38	0,55
8,400	0,50	0,39	0,33
8,420	0,50	0,39	0,12
8,440	0,51	0,39	1,52
8,460	0,52	0,45	1,49
8,480	0,53	0,45	-1,41
8,500	0,54	0,39	-1,30
8,520	0,54	0,40	0,33
8,540	0,55	0,41	0,27
8,560	0,56	0,41	-0,38
8,580	0,57	0,39	-1,03
8,600	0,58	0,37	-0,29
8,620	0,58	0,38	0,60
8,640	0,59	0,39	1,22
8,660	0,60	0,43	0,96
8,680	0,61	0,43	-1,59
8,700	0,62	0,37	-1,92
8,720	0,62	0,35	-0,75
8,740	0,63	0,34	-0,77
8,760	0,64	0,32	-0,66
8,780	0,64	0,31	0,75
8,800	0,65	0,35	1,04
8,820	0,66	0,35	-2,21
8,840	0,66	0,26	-2,85
8,860	0,67	0,24	-1,01
8,880	0,67	0,22	-0,55
8,900	0,68	0,22	-0,39
8,920	0,68	0,21	-0,85
8,940	0,69	0,18	-1,00
8,960	0,69	0,17	-0,62
8,980	0,69	0,16	-0,85
9,000	0,70	0,13	-0,97
9,020	0,70	0,12	-0,94
9,040	0,70	0,10	-1,21
9,060	0,70	0,07	-0,88
9,080	0,70	0,06	-0,61
9,100	0,70	0,05	-0,96
9,120	0,70	0,02	-1,06
9,140	0,71	0,00	-1,18
9,160	0,70	-0,02	-1,20
9,180	0,70	-0,05	-0,98
9,200	0,70	-0,06	-0,86
9,220	0,70	-0,08	-0,85
9,240	0,70	-0,10	-0,97
9,260	0,70	-0,12	-0,86
9,280	0,70	-0,13	-2,04
9,300	0,69	-0,20	-2,29
9,320	0,69	-0,22	0,43
9,340	0,68	-0,18	0,55
9,360	0,68	-0,20	-0,75
9,380	0,68	-0,21	-0,76
9,400	0,67	-0,23	-0,65
9,420	0,67	-0,24	-0,62
9,440	0,66	-0,26	-0,98
9,460	0,66	-0,28	-0,87
9,480	0,65	-0,29	-0,75
9,500	0,64	-0,31	-0,77
9,520	0,64	-0,32	-0,43
9,540	0,63	-0,33	-1,71
9,560	0,63	-0,39	-2,06
9,580	0,62	-0,41	0,63
9,600	0,61	-0,37	0,95
9,620	0,60	-0,37	-0,08
9,640	0,59	-0,37	-0,42
9,660	0,59	-0,39	-0,60
9,680	0,58	-0,39	0,21
9,700	0,57	-0,38	0,25
9,720	0,56	-0,38	-0,21
9,740	0,56	-0,39	-0,34
9,760	0,55	-0,40	-0,05
9,780	0,54	-0,39	-0,84
9,800	0,53	-0,43	-1,24
9,820	0,52	-0,44	1,05
9,840	0,51	-0,39	1,48
9,860	0,51	-0,38	0,44
9,880	0,50	-0,37	0,32
9,900	0,49	-0,37	0,32
9,920	0,49	-0,36	0,32
9,940	0,48	-0,35	0,42
9,960	0,47	-0,34	0,66
9,980	0,46	-0,33	0,43
10,000	0,46	-0,32	0,42
10,020	0,45	-0,31	0,54
10,040	0,45	-0,30	0,53
10,060	0,44	-0,29	0,75
10,080	0,43	-0,27	0,75
10,100	0,43	-0,26	0,75
10,120	0,42	-0,24	0,75
10,140	0,42	-0,23	0,74
10,160	0,41	-0,21	0,97
10,180	0,41	-0,19	0,98
10,200	0,41	-0,17	0,76
10,220	0,40	-0,16	0,64
10,240	0,40	-0,15	0,74
10,260	0,40	-0,13	0,96
10,280	0,40	-0,11	1,08
10,300	0,39	-0,09	1,08
10,320	0,39	-0,07	1,08
10,340	0,39	-0,04	0,97
10,360	0,39	-0,03	0,86
10,380	0,39	-0,01	0,85
10,400	0,39	0,01	0,97
10,420	0,39	0,03	0,97
10,440	0,39	0,05	0,85
10,460	0,39	0,06	0,96
10,480	0,39	0,08	1,07
10,500	0,39	0,11	1,08
10,520	0,40	0,13	0,97
10,540	0,40	0,15	0,87
10,560	0,40	0,16	0,75
10,580	0,41	0,18	0,74
10,600	0,41	0,19	0,97
10,620	0,41	0,21	0,87
10,640	0,42	0,23	0,64
10,660	0,42	0,24	0,75
10,680	0,43	0,26	0,76
10,700	0,43	0,27	0,64
10,720	0,44	0,28	0,75
10,740	0,44	0,30	0,76
10,760	0,45	0,31	0,54
10,780	0,46	0,32	0,43
10,800	0,46	0,33	0,42
10,820	0,47	0,34	0,54
10,840	0,48	0,35	0,55
10,860	0,48	0,36	0,32
10,880	0,49	0,36	0,31
10,900	0,50	0,37	0,44
10,920	0,51	0,38	0,13
10,940	0,51	0,38	1,28
10,960	0,52	0,43	1,58
10,980	0,53	0,44	-1,07
11,000	0,54	0,39	-1,24
11,020	0,55	0,39	-0,32
11,040	0,56	0,38	-0,35
11,060	0,56	0,38	0,19
11,080	0,57	0,39	-2,06
11,100	0,58	0,30	-4,72
11,120	0,58	0,20	-2,36
11,140	0,59	0,20	1,57
11,160	0,59	0,26	3,52
11,180	0,60	0,34	2,71
11,200	0,60	0,37	-0,45
11,220	0,61	0,32	1,38
11,240	0,62	0,42	-1,58
11,260	0,63	0,26	-10,35
11,280	0,63	0,01	-4,51
11,300	0,63	0,08	7,99
11,320	0,63	0,33	13,30
11,340	0,64	0,61	5,18
11,360	0,66	0,54	-2,83
11,380	0,66	0,50	-1,87
11,400	0,68	0,46	-6,08
11,420	0,68	0,26	-6,87
11,440	0,69	0,19	-2,15
11,460	0,69	0,17	-0,98
11,480	0,69	0,15	-0,87
11,500	0,69	0,13	-0,73
11,520	0,70	0,12	-0,96
11,540	0,70	0,10	-1,09
11,560	0,70	0,07	-0,98
11,580	0,70	0,06	-0,85
11,600	0,70	0,04	-0,97
11,620	0,70	0,02	-0,97
11,640	0,70	0,00	-0,95
11,660	0,70	-0,02	-1,19
11,680	0,70	-0,05	-1,10
11,700	0,70	-0,06	-0,85
11,720	0,70	-0,08	-0,97
11,740	0,70	-0,10	-0,98
11,760	0,70	-0,12	-0,87
11,780	0,69	-0,14	-0,75
11,800	0,69	-0,15	-0,72
11,820	0,69	-0,17	-1,08
11,840	0,68	-0,19	-1,12
11,860	0,68	-0,21	-0,67
11,880	0,68	-0,22	-0,41
11,900	0,67	-0,23	-0,63
11,920	0,67	-0,24	-0,72
11,940	0,66	-0,26	-2,36
11,960	0,66	-0,34	-2,77
11,980	0,65	-0,37	0,61
12,000	0,64	-0,31	1,11
12,020	0,64	-0,32	-0,40
12,040	0,63	-0,33	-2,18
12,060	0,62	-0,41	-0,80
12,080	0,61	-0,36	2,77
12,100	0,61	-0,30	-2,06
12,120	0,60	-0,44	-3,56
12,140	0,59	-0,44	1,90
12,160	0,58	-0,37	1,11
12,180	0,58	-0,40	-0,72
12,200	0,57	-0,40	0,23
12,220	0,56	-0,39	0,04
12,240	0,55	-0,40	-0,46
12,260	0,54	-0,41	-0,14
12,280	0,54	-0,40	0,42
12,300	0,53	-0,39	-0,95
12,320	0,52	-0,44	-1,37
12,340	0,51	-0,44	1,28
12,360	0,50	-0,39	1,48
12,380	0,50	-0,38	0,32
12,400	0,49	-0,38	0,43
12,420	0,48	-0,37	0,42
12,440	0,47	-0,36	0,53
12,460	0,47	-0,35	0,65
12,480	0,46	-0,33	0,55
12,500	0,45	-0,32	0,42
12,520	0,45	-0,32	0,53
12,540	0,44	-0,30	0,65
12,560	0,43	-0,29	0,65
12,580	0,43	-0,28	0,64
12,600	0,42	-0,26	0,74
12,620	0,42	-0,25	0,97
12,640	0,41	-0,22	0,98
12,660	0,41	-0,21	0,86
12,680	0,41	-0,19	0,86
12,700	0,40	-0,17	0,86
12,720	0,40	-0,16	0,86
12,740	0,40	-0,14	0,85
12,760	0,39	-0,12	0,96
12,780	0,39	-0,10	1,08
12,800	0,39	-0,08	0,97
12,820	0,39	-0,06	0,96
12,840	0,39	-0,04	1,08
12,860	0,39	-0,02	1,08
12,880	0,39	0,00	1,08
12,900	0,39	0,02	0,97
12,920	0,39	0,04	0,97
12,940	0,39	0,06	0,97
12,960	0,39	0,08	0,85
12,980	0,39	0,10	0,96
13,000	0,39	0,12	1,07
13,020	0,40	0,14	1,08
13,040	0,40	0,16	0,97
13,060	0,40	0,18	0,86
13,080	0,41	0,20	0,86
13,100	0,41	0,21	0,86
13,120	0,41	0,23	0,86
13,140	0,42	0,25	0,86
13,160	0,42	0,27	0,76
13,180	0,43	0,28	0,64
13,200	0,44	0,29	0,64
13,220	0,44	0,30	0,64
13,240	0,45	0,32	0,76
13,260	0,45	0,33	0,66
13,280	0,46	0,34	0,42
13,300	0,47	0,35	0,53
13,320	0,47	0,36	0,65
13,340	0,48	0,38	0,56
13,360	0,49	0,39	0,22
13,380	0,50	0,39	0,09
13,400	0,51	0,39	0,32
13,420	0,51	0,40	0,26
13,440	0,52	0,40	1,17
13,460	0,53	0,45	1,45
13,480	0,54	0,46	-0,72
13,500	0,55	0,42	-1,26
13,520	0,56	0,41	-0,22
13,540	0,56	0,41	-0,07
13,560	0,57	0,41	-0,55
13,580	0,58	0,39	-0,36
13,600	0,59	0,39	0,14
13,620	0,60	0,39	-0,43
13,640	0,60	0,37	0,85
13,660	0,61	0,43	1,21
13,680	0,62	0,42	-1,72
13,700	0,63	0,36	-1,82
13,720	0,63	0,35	-0,65
13,740	0,64	0,33	0,67
13,760	0,65	0,38	0,69
13,780	0,66	0,36	-2,38
13,800	0,66	0,28	-2,28
13,820	0,67	0,27	-0,74
13,840	0,67	0,25	-0,86
13,860	0,68	0,23	-0,87
13,880	0,68	0,22	-0,75
13,900	0,69	0,20	-0,74
13,920	0,69	0,19	-0,88
13,940	0,69	0,17	-0,62
13,960	0,70	0,16	-0,83
13,980	0,70	0,14	-1,20
14,000	0,70	0,11	-0,96
14,020	0,71	0,10	-1,06
14,040	0,71	0,07	-1,19
14,060	0,71	0,05	-1,09
14,080	0,71	0,03	-0,98
14,100	0,71	0,01	-0,85
14,120	0,71	-0,01	-0,95
14,140	0,71	-0,03	-1,19
14,160	0,71	-0,05	-1,10
14,180	0,71	-0,07	-0,85
14,200	0,71	-0,09	-0,95
14,220	0,70	-0,11	-1,18
14,240	0,70	-0,14	-1,22
14,260	0,70	-0,16	-0,88
14,280	0,69	-0,17	-0,64
14,300	0,69	-0,18	-0,74
14,320	0,69	-0,20	-0,85
14,340	0,68	-0,22	-0,98
14,360	0,68	-0,24	-0,88
14,380	0,67	-0,25	-0,65
14,400	0,67	-0,27	-0,51
14,420	0,66	-0,27	-2,00
14,440	0,66	-0,35	-2,72
14,460	0,65	-0,38	0,05
14,480	0,64	-0,34	0,74
14,500	0,63	-0,35	-0,31
14,520	0,63	-0,36	-0,31
14,540	0,62	-0,36	-1,86
14,560	0,61	-0,43	-1,74
14,580	0,60	-0,43	1,10
14,600	0,60	-0,39	0,87
14,620	0,59	-0,40	-0,56
14,640	0,58	-0,41	-0,36
14,660	0,57	-0,41	0,12
14,680	0,56	-0,40	0,03
14,700	0,56	-0,41	-0,37
14,720	0,55	-0,42	0,41
14,740	0,54	-0,40	-0,83
14,760	0,53	-0,45	-1,48
14,780	0,52	-0,46	1,18
14,800	0,51	-0,40	1,36
14,820	0,50	-0,40	0,45
14,840	0,50	-0,39	0,22
14,860	0,49	-0,39	0,07
14,880	0,48	-0,38	0,65
14,900	0,47	-0,37	0,66
14,920	0,47	-0,36	0,42
14,940	0,46	-0,35	0,53
14,960	0,45	-0,34	0,65
14,980	0,45	-0,32	0,64
15,000	0,44	-0,31	0,75
15,020	0,43	-0,29	0,76
15,040	0,43	-0,28	0,65
15,060	0,42	-0,27	0,63
15,080	0,42	-0,26	0,86
15,100	0,41	-0,23	0,98
15,120	0,41	-0,22	0,74
15,140	0,40	-0,20	0,96
15,160	0,40	-0,18	1,09
15,180	0,40	-0,16	0,86
15,200	0,39	-0,14	0,96
15,220	0,39	-0,12	1,08
15,240	0,39	-0,10	0,97
15,260	0,39	-0,08	0,85
15,280	0,38	-0,07	1,07
15,300	0,38	-0,04	1,19
15,320	0,38	-0,02	0,97
15,340	0,38	0,00	0,96
15,360	0,38	0,02	1,18
15,380	0,38	0,05	1,19
15,400	0,39	0,07	0,97
15,420	0,39	0,08	0,96
15,440	0,39	0,11	1,08
15,460	0,39	0,13	0,97
15,480	0,39	0,15	0,86
15,500	0,40	0,16	0,86
15,520	0,40	0,18	0,86
15,540	0,40	0,20	0,85
15,560	0,41	0,21	0,96
15,580	0,41	0,24	1,09
15,600	0,42	0,26	0,87
15,620	0,42	0,27	0,64
15,640	0,43	0,28	0,75
15,660	0,43	0,30	0,76
15,680	0,44	0,31	0,54
15,700	0,45	0,32	0,53
15,720	0,45	0,33	0,65
15,740	0,46	0,35	0,54
15,760	0,47	0,36	0,41
15,780	0,47	0,36	0,64
15,800	0,48	0,38	0,67
15,820	0,49	0,39	0,21
15,840	0,50	0,39	0,21
15,860	0,51	0,40	0,12
15,880	0,51	0,40	1,40
15,900	0,52	0,46	1,58
15,920	0,53	0,46	-1,06
15,940	0,54	0,41	-1,34
15,960	0,55	0,40	-0,61
15,980	0,56	0,39	0,31
16,000	0,56	0,42	0,62
16,020	0,57	0,41	-0,54
16,040	0,58	0,40	-0,56
16,060	0,59	0,39	-0,21
16,080	0,60	0,39	-0,31
16,100	0,60	0,38	0,88
16,120	0,61	0,42	0,86
16,140	0,62	0,41	-1,73
16,160	0,63	0,35	-1,70
16,180	0,63	0,34	-0,66
16,200	0,64	0,33	0,78
16,220	0,65	0,38	0,70
16,240	0,66	0,35	-2,48
16,260	0,66	0,28	-2,50
16,280	0,67	0,25	-0,89
16,300	0,67	0,24	-0,53
16,320	0,68	0,23	-0,63
16,340	0,68	0,22	-0,74
16,360	0,69	0,20	-0,85
16,380	0,69	0,18	-0,95
16,400	0,69	0,17	-1,07
16,420	0,70	0,14	-1,12
16,440	0,70	0,12	-0,63
16,460	0,70	0,11	-0,72
16,480	0,70	0,09	-1,07
16,500	0,70	0,07	-1,06
16,520	0,71	0,05	-1,19
16,540	0,71	0,02	-1,09
16,560	0,71	0,01	-0,96
16,580	0,71	-0,01	-1,09
16,600	0,71	-0,04	-0,97
16,620	0,71	-0,05	-0,97
16,640	0,70	-0,08	-0,98
16,660	0,70	-0,09	-0,84
16,680	0,70	-0,11	-1,08
16,700	0,70	-0,14	-1,11
16,720	0,69	-0,15	-0,74
16,740	0,69	-0,17	-0,86
16,760	0,69	-0,19	-0,88
16,780	0,68	-0,20	-0,65
16,800	0,68	-0,21	-0,63
16,820	0,68	-0,23	-0,86
16,840	0,67	-0,25	-0,87
16,860	0,67	-0,26	-0,60
16,880	0,66	-0,27	-2,39
16,900	0,65	-0,36	-2,43
16,920	0,65	-0,37	0,77
16,940	0,64	-0,33	0,66
16,960	0,63	-0,34	-0,78
16,980	0,63	-0,36	-0,33
17,000	0,62	-0,36	-1,61
17,020	0,61	-0,42	-1,85
17,040	0,60	-0,43	1,09
17,060	0,59	-0,38	0,98
17,080	0,59	-0,39	-0,59
17,100	0,58	-0,40	0,09
17,120	0,57	-0,39	0,38
17,140	0,56	-0,39	-0,32
17,160	0,56	-0,40	-0,35
17,180	0,55	-0,40	0,07
17,200	0,54	-0,40	-0,97
17,220	0,53	-0,44	-1,13
17,240	0,52	-0,44	1,17
17,260	0,51	-0,39	1,48
17,280	0,51	-0,38	0,32
17,300	0,50	-0,38	0,32
17,320	0,49	-0,37	0,43
17,340	0,48	-0,36	0,43
17,360	0,48	-0,35	0,43
17,380	0,47	-0,34	0,42
17,400	0,46	-0,34	0,53
17,420	0,46	-0,32	0,65
17,440	0,45	-0,31	0,65
17,460	0,44	-0,30	0,64
17,480	0,44	-0,29	0,75
17,500	0,43	-0,27	0,76
17,520	0,43	-0,25	0,64
17,540	0,42	-0,24	0,75
17,560	0,42	-0,22	0,86
17,580	0,41	-0,21	0,86
17,600	0,41	-0,19	0,86
17,620	0,41	-0,17	0,86
17,640	0,40	-0,16	0,97
17,660	0,40	-0,13	0,97
17,680	0,40	-0,12	0,85
17,700	0,39	-0,10	0,97
17,720	0,39	-0,08	0,97
17,740	0,39	-0,06	0,96
17,760	0,39	-0,04	1,08
17,780	0,39	-0,02	0,97
17,800	0,39	-9,75E-4	0,85
17,820	0,39	0,02	0,96
17,840	0,39	0,04	1,08
17,860	0,39	0,06	0,97
17,880	0,39	0,08	0,96
17,900	0,39	0,10	1,09
17,920	0,40	0,12	0,87
17,940	0,40	0,13	0,74
17,960	0,40	0,15	0,97
17,980	0,41	0,17	0,98
18,000	0,41	0,19	0,75
18,020	0,41	0,20	0,74
18,040	0,42	0,22	0,86
18,060	0,42	0,24	0,75
18,080	0,43	0,25	0,75
18,100	0,43	0,27	0,76
18,120	0,44	0,28	0,64
18,140	0,44	0,29	0,65
18,160	0,45	0,30	0,54
18,180	0,45	0,31	0,54
18,200	0,46	0,33	0,54
18,220	0,47	0,33	0,43
18,240	0,47	0,34	0,43
18,260	0,48	0,35	0,43
18,280	0,49	0,36	0,44
18,300	0,50	0,37	0,33
18,320	0,50	0,37	0,13
18,340	0,51	0,37	1,40
18,360	0,52	0,43	1,57
18,380	0,53	0,44	-0,85
18,400	0,54	0,40	-1,01
18,420	0,54	0,40	-0,29
18,440	0,55	0,38	-0,77
18,460	0,56	0,37	-0,61
18,480	0,57	0,36	0,31
18,500	0,57	0,38	0,49
18,520	0,58	0,38	-0,31
18,540	0,59	0,37	-0,56
18,560	0,60	0,36	1,08
18,580	0,60	0,41	1,20
18,600	0,61	0,40	-1,72
18,620	0,62	0,34	-1,82
18,640	0,63	0,33	-0,52
18,660	0,63	0,32	-0,75
18,680	0,64	0,30	-0,88
18,700	0,64	0,28	0,65
18,720	0,65	0,33	0,90
18,740	0,66	0,32	-2,00
18,760	0,66	0,25	-2,60
18,780	0,67	0,22	-1,13
18,800	0,67	0,20	-0,52
18,820	0,68	0,20	-0,75
18,840	0,68	0,17	-0,78
18,860	0,68	0,16	-0,39
18,880	0,69	0,16	-0,83
18,900	0,69	0,13	-1,21
18,920	0,69	0,11	-0,87
18,940	0,69	0,10	-0,73
18,960	0,70	0,08	-0,96
18,980	0,70	0,06	-1,10
19,000	0,70	0,04	-0,87
19,020	0,70	0,02	-0,72
19,040	0,70	0,01	-1,08
19,060	0,70	-0,02	-1,11
19,080	0,70	-0,04	-0,74
19,100	0,70	-0,05	-0,85
19,120	0,70	-0,07	-0,98
19,140	0,69	-0,09	-0,85
19,160	0,69	-0,11	-0,98
19,180	0,69	-0,13	-0,88
19,200	0,69	-0,14	-0,62
19,220	0,68	-0,15	-0,72
19,240	0,68	-0,17	-2,29
19,260	0,68	-0,24	-2,34
19,280	0,67	-0,26	2,31
19,300	0,67	-0,15	0,95
19,320	0,66	-0,23	-3,93
19,340	0,66	-0,31	-1,00
19,360	0,65	-0,27	0,66
19,380	0,65	-0,28	-0,77
19,400	0,64	-0,30	-0,55
19,420	0,64	-0,30	-0,42
19,440	0,63	-0,31	-0,41
19,460	0,62	-0,32	-1,95
19,480	0,62	-0,39	-2,08
19,500	0,61	-0,40	0,95
19,520	0,60	-0,35	1,32
19,540	0,59	-0,35	-0,30
19,560	0,59	-0,36	-0,69
19,580	0,58	-0,38	-0,15
19,600	0,57	-0,37	0,46
19,620	0,56	-0,36	0,14
19,640	0,56	-0,37	-0,32
19,660	0,55	-0,37	-0,37
19,680	0,54	-0,38	0,20
19,700	0,53	-0,37	0,56
19,720	0,53	-0,36	-1,29
19,740	0,52	-0,42	-1,49
19,760	0,51	-0,42	1,40
19,780	0,50	-0,36	1,48
19,800	0,50	-0,36	0,31
19,820	0,49	-0,35	0,54
19,840	0,48	-0,34	0,55
19,860	0,47	-0,33	0,43
19,880	0,47	-0,32	0,43
19,900	0,46	-0,31	0,42
19,920	0,46	-0,30	0,65
19,940	0,45	-0,28	0,65
19,960	0,44	-0,28	0,53
19,980	0,44	-0,26	0,76
20,000	0,43	-0,25	0,65
20,020	0,43	-0,24	0,63
20,040	0,42	-0,22	0,98
20,060	0,42	-0,20	0,87
20,080	0,42	-0,19	0,64
20,100	0,41	-0,17	0,75
20,120	0,41	-0,16	0,86
20,140	0,41	-0,14	0,86
20,160	0,40	-0,12	0,86
20,180	0,40	-0,10	0,85
20,200	0,40	-0,09	0,97
20,220	0,40	-0,07	0,97
20,240	0,40	-0,05	0,85
20,260	0,40	-0,03	0,97
20,280	0,40	-0,01	0,97
20,300	0,40	0,01	0,86
20,320	0,40	0,02	0,85
20,340	0,40	0,04	0,97
20,360	0,40	0,06	0,97
20,380	0,40	0,08	0,86
20,400	0,40	0,10	0,87
20,420	0,40	0,12	0,75
20,440	0,41	0,13	0,85
20,460	0,41	0,15	1,08
20,480	0,41	0,17	0,98
20,500	0,42	0,19	0,76
20,520	0,42	0,20	0,64
20,540	0,42	0,21	0,75
20,560	0,43	0,23	0,76
20,580	0,43	0,24	0,53
20,600	0,44	0,25	0,63
20,620	0,44	0,27	0,87
20,640	0,45	0,29	0,66
20,660	0,45	0,30	0,43
20,680	0,46	0,30	0,42
20,700	0,47	0,31	0,53
20,720	0,47	0,33	0,66
20,740	0,48	0,34	0,44
20,760	0,49	0,34	0,32
20,780	0,49	0,35	0,34
20,800	0,50	0,36	0,11
20,820	0,51	0,36	0,10
20,840	0,51	0,36	0,12
20,860	0,52	0,36	1,40
20,880	0,53	0,42	1,47
20,900	0,54	0,42	-1,07
20,920	0,55	0,37	-1,16
20,940	0,55	0,37	-0,01
20,960	0,56	0,37	0,13
20,980	0,57	0,38	-0,07
21,000	0,58	0,37	-0,55
21,020	0,58	0,36	-0,34
21,040	0,59	0,36	-0,09
21,060	0,60	0,35	-0,32
21,080	0,60	0,34	-0,43
21,100	0,61	0,34	0,87
21,120	0,62	0,38	0,97
21,140	0,63	0,37	-1,70
21,160	0,63	0,31	-2,05
21,180	0,64	0,29	-0,65
21,200	0,64	0,28	-0,64
21,220	0,65	0,27	0,54
21,240	0,66	0,31	0,79
21,260	0,66	0,30	-2,14
21,280	0,67	0,22	-2,39
21,300	0,67	0,20	-0,87
21,320	0,68	0,19	-0,77
21,340	0,68	0,17	-0,52
21,360	0,68	0,17	-0,73
21,380	0,69	0,14	-0,99
21,400	0,69	0,13	-0,74
21,420	0,69	0,11	-0,85
21,440	0,69	0,09	-0,99
21,460	0,69	0,07	-0,74
21,480	0,70	0,06	-0,84
21,500	0,70	0,04	-1,09
21,520	0,70	0,02	-0,98
21,540	0,70	0,00	-0,85
21,560	0,70	-0,02	-0,95
21,580	0,70	-0,04	-1,20
21,600	0,70	-0,06	-1,00
21,620	0,69	-0,08	-0,62
21,640	0,69	-0,09	-0,86
21,660	0,69	-0,11	-0,87
21,680	0,69	-0,12	-0,73
21,700	0,69	-0,14	-0,98
21,720	0,68	-0,16	-0,87
21,740	0,68	-0,17	-0,75
21,760	0,68	-0,19	-0,76
21,780	0,67	-0,21	-0,64
21,800	0,67	-0,22	-0,75
21,820	0,66	-0,24	-0,61
21,840	0,66	-0,24	-2,25
21,860	0,65	-0,33	-2,65
21,880	0,65	-0,35	0,63
21,900	0,64	-0,30	0,87
21,920	0,63	-0,31	-0,55
21,940	0,63	-0,32	-0,32
21,960	0,62	-0,33	-1,72
21,980	0,61	-0,39	-1,95
22,000	0,60	-0,40	0,85
22,020	0,60	-0,36	1,06
22,040	0,59	-0,36	-0,09
22,060	0,58	-0,36	-0,31
22,080	0,58	-0,37	-0,47
22,100	0,57	-0,38	-0,01
22,120	0,56	-0,37	0,13
22,140	0,55	-0,37	-0,10
22,160	0,55	-0,38	-0,23
22,180	0,54	-0,38	0,07
22,200	0,53	-0,38	-0,97
22,220	0,52	-0,42	-1,14
22,240	0,51	-0,42	1,30
22,260	0,51	-0,37	1,26
22,280	0,50	-0,37	0,19
22,300	0,49	-0,36	0,55
22,320	0,48	-0,35	0,43
22,340	0,48	-0,35	0,42
22,360	0,47	-0,33	0,65
22,380	0,46	-0,32	0,55
22,400	0,46	-0,31	0,42
22,420	0,45	-0,30	0,53
22,440	0,45	-0,29	0,65
22,460	0,44	-0,28	0,53
22,480	0,43	-0,27	0,63
22,500	0,43	-0,25	0,87
22,520	0,42	-0,23	0,75
22,540	0,42	-0,22	0,74
22,560	0,42	-0,20	0,98
22,580	0,41	-0,18	0,87
22,600	0,41	-0,17	0,74
22,620	0,41	-0,15	0,97
22,640	0,40	-0,13	0,87
22,660	0,40	-0,12	0,75
22,680	0,40	-0,10	0,85
22,700	0,40	-0,08	0,96
22,720	0,39	-0,06	1,08
22,740	0,39	-0,04	0,97
22,760	0,39	-0,02	0,96
22,780	0,39	0,00	1,08
22,800	0,39	0,02	0,97
22,820	0,39	0,04	0,85
22,840	0,39	0,05	0,97
22,860	0,40	0,08	0,97
22,880	0,40	0,09	0,85
22,900	0,40	0,11	0,97
22,920	0,40	0,13	0,98
22,940	0,40	0,15	0,75
22,960	0,41	0,16	0,85
22,980	0,41	0,18	1,09
23,000	0,42	0,21	0,87
23,020	0,42	0,22	0,64
23,040	0,42	0,23	0,75
23,060	0,43	0,25	0,75
23,080	0,43	0,26	0,75
23,100	0,44	0,28	0,76
23,120	0,44	0,29	0,54
23,140	0,45	0,30	0,53
23,160	0,46	0,31	0,64
23,180	0,46	0,33	0,66
23,200	0,47	0,34	0,43
23,220	0,48	0,34	0,41
23,240	0,48	0,36	0,67
23,260	0,49	0,37	0,34
23,280	0,50	0,37	0,10
23,300	0,51	0,37	0,12
23,320	0,51	0,37	1,40
23,340	0,52	0,43	1,48
23,360	0,53	0,43	-1,20
23,380	0,54	0,38	-1,06
23,400	0,55	0,39	0,36
23,420	0,55	0,40	-0,10
23,440	0,56	0,39	-0,23
23,460	0,57	0,39	0,03
23,480	0,58	0,39	-0,30
23,500	0,58	0,37	-0,55
23,520	0,59	0,37	-0,44
23,540	0,60	0,36	1,08
23,560	0,61	0,41	1,20
23,580	0,62	0,40	-1,73
23,600	0,62	0,34	-1,73
23,620	0,63	0,34	-0,16
23,640	0,64	0,33	-0,86
23,660	0,64	0,30	0,42
23,680	0,65	0,35	0,81
23,700	0,66	0,33	-2,40
23,720	0,66	0,25	-2,04
23,740	0,67	0,25	-0,72
23,760	0,67	0,23	-1,09
23,780	0,68	0,21	-0,87
23,800	0,68	0,19	-0,76
23,820	0,68	0,18	-0,63
23,840	0,69	0,17	-0,73
23,860	0,69	0,15	-0,98
23,880	0,69	0,13	-0,89
23,900	0,69	0,11	-0,48
23,920	0,70	0,11	-1,05
23,940	0,70	0,07	-1,34
23,960	0,70	0,05	-0,72
23,980	0,70	0,04	-1,07
24,000	0,70	0,01	-1,10
24,020	0,70	0,00	-0,84
24,040	0,70	-0,02	-1,08
24,060	0,70	-0,05	-1,09
24,080	0,70	-0,07	-0,98
24,100	0,70	-0,08	-0,84
24,120	0,70	-0,10	-1,09
24,140	0,69	-0,13	-1,00
24,160	0,69	-0,14	-0,64
24,180	0,69	-0,15	-0,74
24,200	0,69	-0,17	-0,84
24,220	0,68	-0,19	-1,09
24,240	0,68	-0,21	-1,02
24,260	0,67	-0,23	-0,28
24,280	0,67	-0,22	-2,16
24,300	0,66	-0,31	-1,02
24,320	0,66	-0,27	1,05
24,340	0,65	-0,27	-2,49
24,360	0,65	-0,37	-1,25
24,380	0,64	-0,32	0,87
24,400	0,63	-0,33	-0,43
24,420	0,63	-0,34	-1,74
24,440	0,62	-0,40	-1,72
24,460	0,61	-0,41	0,87
24,480	0,60	-0,37	0,85
24,500	0,60	-0,37	-0,31
24,520	0,59	-0,38	-0,43
24,540	0,58	-0,39	-0,48
24,560	0,57	-0,40	0,21
24,580	0,56	-0,38	0,25
24,600	0,56	-0,39	-0,22
24,620	0,55	-0,39	-0,02
24,640	0,54	-0,39	-1,31
24,660	0,53	-0,44	-1,28
24,680	0,52	-0,44	1,64
24,700	0,52	-0,38	1,39
24,720	0,51	-0,38	-0,02
24,740	0,50	-0,38	0,32
24,760	0,49	-0,37	0,32
24,780	0,49	-0,37	0,42
24,800	0,48	-0,35	0,55
24,820	0,47	-0,34	0,42
24,840	0,46	-0,34	0,53
24,860	0,46	-0,32	0,65
24,880	0,45	-0,31	0,65
24,900	0,45	-0,30	0,65
24,920	0,44	-0,28	0,65
24,940	0,43	-0,27	0,65
24,960	0,43	-0,26	0,64
24,980	0,42	-0,25	0,74
25,000	0,42	-0,23	0,98
25,020	0,41	-0,21	0,87
25,040	0,41	-0,19	0,74
25,060	0,41	-0,18	0,97
25,080	0,40	-0,16	0,98
25,100	0,40	-0,14	0,85
25,120	0,40	-0,12	0,96
25,140	0,40	-0,10	1,09
25,160	0,39	-0,08	0,86
25,180	0,39	-0,07	0,85
25,200	0,39	-0,04	1,08
25,220	0,39	-0,02	0,97
25,240	0,39	-0,01	0,96
25,260	0,39	0,02	1,07
25,280	0,39	0,04	1,08
25,300	0,39	0,06	0,97
25,320	0,39	0,08	0,96
25,340	0,39	0,10	1,09
25,360	0,40	0,12	0,87
25,380	0,40	0,13	0,74
25,400	0,40	0,15	0,97
25,420	0,41	0,17	0,86
25,440	0,41	0,18	0,74
25,460	0,41	0,20	0,97
25,480	0,42	0,22	0,97
25,500	0,42	0,24	0,86
25,520	0,43	0,26	0,87
25,540	0,43	0,27	0,66
25,560	0,44	0,28	0,41
25,580	0,44	0,29	0,79
25,600	0,45	0,31	-1,58
25,620	0,46	0,23	-2,51
25,640	0,46	0,21	4,90
25,660	0,46	0,42	6,06
25,680	0,48	0,46	-1,47
25,700	0,48	0,36	-2,20
25,720	0,49	0,37	0,32
25,740	0,50	0,38	0,33
25,760	0,51	0,38	0,14
25,780	0,51	0,38	1,19
25,800	0,52	0,43	1,24
25,820	0,53	0,43	-1,20
25,840	0,54	0,38	-1,06
25,860	0,55	0,39	0,36
25,880	0,55	0,40	-0,22
25,900	0,56	0,38	-0,25
25,920	0,57	0,39	0,24
25,940	0,58	0,39	-0,08
25,960	0,58	0,38	-0,43
25,980	0,59	0,37	-0,55
26,000	0,60	0,36	0,97
26,020	0,61	0,41	1,21
26,040	0,62	0,41	-1,81
26,060	0,62	0,34	-2,06
26,080	0,63	0,33	-0,53
26,100	0,64	0,32	-0,76
26,120	0,64	0,30	0,78
26,140	0,65	0,35	-0,59
26,160	0,66	0,27	-2,76
26,180	0,66	0,24	0,64
26,200	0,67	0,30	-0,38
26,220	0,67	0,23	-2,27
26,240	0,68	0,21	-0,87
26,260	0,68	0,19	-0,76
26,280	0,68	0,18	-0,61
26,300	0,69	0,17	-0,94
26,320	0,69	0,14	-1,24
26,340	0,69	0,12	-0,64
26,360	0,69	0,11	-0,58
26,380	0,70	0,09	-1,30
26,400	0,70	0,06	-1,23
26,420	0,70	0,04	-0,75
26,440	0,70	0,03	-0,71
26,460	0,70	0,02	-1,19
26,480	0,70	-0,02	-1,13
26,500	0,70	-0,03	-0,48
26,520	0,70	-0,04	-1,06
26,540	0,70	-0,07	-1,23
26,560	0,70	-0,08	-0,71
26,580	0,69	-0,10	-1,21
26,600	0,69	-0,13	-1,01
26,620	0,69	-0,14	-0,50
26,640	0,69	-0,15	-0,97
26,660	0,68	-0,18	-1,02
26,680	0,68	-0,19	-0,42
26,700	0,68	-0,20	-0,50
26,720	0,67	-0,21	-0,98
26,740	0,67	-0,24	-0,74
26,760	0,66	-0,24	-2,14
26,780	0,66	-0,32	-2,54
26,800	0,65	-0,34	0,64
26,820	0,64	-0,30	0,78
26,840	0,64	-0,31	-0,76
26,860	0,63	-0,33	-0,54
26,880	0,62	-0,33	-1,85
26,900	0,62	-0,40	-1,86
26,920	0,61	-0,41	1,08
26,940	0,60	-0,36	1,21
26,960	0,59	-0,36	-0,42
26,980	0,59	-0,37	-0,58
27,000	0,58	-0,38	-0,03
27,020	0,57	-0,37	0,36
27,040	0,56	-0,37	-0,09
27,060	0,56	-0,38	-0,35
27,080	0,55	-0,38	-0,02
27,100	0,54	-0,38	0,31
27,120	0,53	-0,37	-1,07
27,140	0,53	-0,42	-1,37
27,160	0,52	-0,43	1,28
27,180	0,51	-0,37	1,48
27,200	0,50	-0,37	0,31
27,220	0,49	-0,36	0,55
27,240	0,49	-0,34	0,45
27,260	0,48	-0,34	0,20
27,280	0,47	-0,34	0,42
27,300	0,47	-0,32	0,65
27,320	0,46	-0,31	0,65
27,340	0,46	-0,30	0,54
27,360	0,45	-0,29	0,52
27,380	0,44	-0,28	0,75
27,400	0,44	-0,26	0,76
27,420	0,43	-0,25	0,64
27,440	0,43	-0,23	0,75
27,460	0,42	-0,22	0,75
27,480	0,42	-0,20	0,75
27,500	0,42	-0,19	0,86
27,520	0,41	-0,17	0,85
27,540	0,41	-0,15	0,97
27,560	0,41	-0,13	0,87
27,580	0,40	-0,12	0,74
27,600	0,40	-0,10	0,96
27,620	0,40	-0,08	1,08
27,640	0,40	-0,06	0,97
27,660	0,40	-0,04	0,85
27,680	0,40	-0,02	0,97
27,700	0,40	-9,92E-4	0,98
27,720	0,40	0,02	0,75
27,740	0,40	0,03	0,85
27,760	0,40	0,05	1,08
27,780	0,40	0,07	0,97
27,800	0,40	0,09	0,85
27,820	0,40	0,11	0,97
27,840	0,41	0,13	0,98
27,860	0,41	0,15	0,75
27,880	0,41	0,16	0,74
27,900	0,41	0,18	0,86
27,920	0,42	0,19	0,87
27,940	0,42	0,21	0,76
27,960	0,43	0,22	0,64
27,980	0,43	0,24	0,75
28,000	0,44	0,25	0,76
28,020	0,44	0,27	0,53
28,040	0,45	0,27	0,64
28,060	0,45	0,29	0,77
28,080	0,46	0,30	0,43
28,100	0,46	0,31	0,42
28,120	0,47	0,32	0,55
28,140	0,48	0,33	0,31
28,160	0,48	0,33	0,43
28,180	0,49	0,35	0,44
28,200	0,50	0,35	0,21
28,220	0,50	0,36	0,13
28,240	0,51	0,36	1,29
28,260	0,52	0,41	1,47
28,280	0,53	0,42	-1,07
28,300	0,54	0,36	-1,17
28,320	0,54	0,37	0,23
28,340	0,55	0,37	0,01
28,360	0,56	0,37	-0,10
28,380	0,56	0,37	-0,20
28,400	0,57	0,36	-0,44
28,420	0,58	0,35	-0,33
28,440	0,59	0,35	-0,21
28,460	0,59	0,34	-0,32
28,480	0,60	0,34	0,97
28,500	0,61	0,38	1,19
28,520	0,62	0,38	-1,58
28,540	0,62	0,32	-2,05
28,560	0,63	0,30	-0,66
28,580	0,63	0,29	-0,41
28,600	0,64	0,29	-0,76
28,620	0,65	0,26	0,55
28,640	0,65	0,31	0,68
28,660	0,66	0,29	-2,29
28,680	0,66	0,22	-2,04
28,700	0,67	0,21	-0,72
28,720	0,67	0,19	-1,09
28,740	0,67	0,16	-0,89
28,760	0,68	0,15	-0,54
28,780	0,68	0,14	-0,50
28,800	0,68	0,13	-0,85
28,820	0,69	0,11	-0,98
28,840	0,69	0,09	-0,86
28,860	0,69	0,07	-0,87
28,880	0,69	0,06	-0,73
28,900	0,69	0,05	-0,96
28,920	0,69	0,02	-1,11
28,940	0,69	0,00	-0,74
28,960	0,69	-0,01	-0,85
28,980	0,69	-0,03	-1,00
29,000	0,69	-0,05	-0,63
29,020	0,69	-0,06	-0,71
29,040	0,69	-0,08	-1,22
29,060	0,69	-0,11	-0,88
29,080	0,68	-0,11	-0,62
29,100	0,68	-0,13	-0,86
29,120	0,68	-0,15	-0,87
29,140	0,68	-0,17	-0,76
29,160	0,67	-0,18	-0,65
29,180	0,67	-0,19	-0,51
29,200	0,66	-0,20	-2,02
29,220	0,66	-0,27	-2,53
29,240	0,65	-0,30	0,53
29,260	0,65	-0,25	0,78
29,280	0,64	-0,27	-0,77
29,300	0,64	-0,28	-0,54
29,320	0,63	-0,29	-0,54
29,340	0,63	-0,30	-0,44
29,360	0,62	-0,31	-1,62
29,380	0,61	-0,37	-1,72
29,400	0,61	-0,38	0,86
29,420	0,60	-0,34	0,97
29,440	0,59	-0,34	-0,31
29,460	0,59	-0,35	-0,57
29,480	0,58	-0,36	-0,14
29,500	0,57	-0,35	0,25
29,520	0,56	-0,35	-0,22
29,540	0,56	-0,36	-0,13
29,560	0,55	-0,36	0,22
29,580	0,54	-0,35	0,11
29,600	0,54	-0,35	0,20
29,620	0,53	-0,35	-1,07
29,640	0,52	-0,40	-1,37
29,660	0,51	-0,40	1,29
29,680	0,51	-0,34	1,37
29,700	0,50	-0,34	0,19
29,720	0,49	-0,34	0,54
29,740	0,48	-0,32	0,55
29,760	0,48	-0,31	0,42
29,780	0,47	-0,31	0,54
29,800	0,47	-0,29	0,55
29,820	0,46	-0,28	0,42
29,840	0,45	-0,28	0,54
29,860	0,45	-0,26	0,53
29,880	0,44	-0,25	0,64
29,900	0,44	-0,24	0,76
29,920	0,43	-0,22	0,64
29,940	0,43	-0,21	0,75
29,960	0,43	-0,19	0,75
29,980	0,42	-0,18	0,75
30,000	0,42	-0,16	0,75
30,020	0,42	-0,15	0,74
30,040	0,41	-0,13	0,97
30,060	0,41	-0,11	0,87
30,080	0,41	-0,10	0,63
30,100	0,41	-0,09	0,85
30,120	0,41	-0,07	1,09
30,140	0,40	-0,04	0,87
30,160	0,40	-0,03	0,74
30,180	0,40	-0,01	0,97
30,200	0,40	0,01	0,97
30,220	0,40	0,02	0,87
30,240	0,40	0,04	0,75
30,260	0,40	0,05	0,74
30,280	0,41	0,07	0,97
30,300	0,41	0,09	0,87
30,320	0,41	0,11	0,74
30,340	0,41	0,12	0,97
30,360	0,41	0,15	0,87
30,380	0,42	0,16	0,74
30,400	0,42	0,18	0,87
30,420	0,42	0,19	0,76
30,440	0,43	0,21	0,64
30,460	0,43	0,22	0,64
30,480	0,44	0,23	0,64
30,500	0,44	0,24	0,64
30,520	0,45	0,26	0,65
30,540	0,45	0,27	0,54
30,560	0,46	0,28	0,42
30,580	0,46	0,29	0,54
30,600	0,47	0,30	0,54
30,620	0,48	0,31	0,54
30,640	0,48	0,32	0,55
30,660	0,49	0,33	0,32
30,680	0,50	0,33	0,33
30,700	0,50	0,34	0,13
30,720	0,51	0,34	1,27
30,740	0,52	0,39	1,70
30,760	0,52	0,41	-1,04
30,780	0,53	0,35	-1,60
30,800	0,54	0,34	-0,26
30,820	0,55	0,34	0,32
30,840	0,55	0,36	0,37
30,860	0,56	0,36	-0,23
30,880	0,57	0,35	-0,01
30,900	0,57	0,36	0,15
30,920	0,58	0,35	-0,43
30,940	0,59	0,34	-0,45
30,960	0,59	0,34	-0,31
30,980	0,60	0,33	0,86
31,000	0,61	0,37	1,07
31,020	0,62	0,37	-1,48
31,040	0,62	0,31	-1,81
31,060	0,63	0,30	-0,64
31,080	0,63	0,28	-0,64
31,100	0,64	0,27	-0,63
31,120	0,65	0,26	-0,75
31,140	0,65	0,24	-0,87
31,160	0,65	0,22	0,55
31,180	0,66	0,26	0,66
31,200	0,67	0,25	-1,93
31,220	0,67	0,19	-2,03
31,240	0,67	0,17	-0,99
31,260	0,68	0,15	-0,77
31,280	0,68	0,14	-0,50
31,300	0,68	0,13	-0,85
31,320	0,68	0,10	-1,00
31,340	0,69	0,09	-0,63
31,360	0,69	0,08	-0,72
31,380	0,69	0,06	-1,09
31,400	0,69	0,04	-0,97
31,420	0,69	0,02	-0,99
31,440	0,69	0,00	-0,77
31,460	0,69	-0,01	-0,49
31,480	0,69	-0,02	-0,95
31,500	0,69	-0,05	-1,23
31,520	0,69	-0,07	-0,76
31,540	0,69	-0,08	-0,61
31,560	0,68	-0,10	-0,98
31,580	0,68	-0,12	-0,88
31,600	0,68	-0,13	-0,62
31,620	0,68	-0,14	-0,85
31,640	0,67	-0,17	-0,99
31,660	0,67	-0,18	-0,77
31,680	0,67	-0,20	-0,54
31,700	0,66	-0,21	-0,37
31,720	0,66	-0,21	-2,24
31,740	0,65	-0,29	-2,75
31,760	0,65	-0,32	0,40
31,780	0,64	-0,28	0,86
31,800	0,64	-0,29	-0,42
31,820	0,63	-0,30	-0,54
31,840	0,62	-0,31	-0,56
31,860	0,62	-0,32	-0,22
31,880	0,61	-0,32	-1,50
31,900	0,60	-0,38	-1,83
31,920	0,60	-0,39	0,87
31,940	0,59	-0,34	0,87
31,960	0,58	-0,36	-0,58
31,980	0,57	-0,37	-0,03
32,000	0,57	-0,36	0,35
32,020	0,56	-0,35	0,01
32,040	0,55	-0,36	-0,12
32,060	0,55	-0,36	1,66E-12
32,080	0,54	-0,36	0,09
32,100	0,53	-0,35	-1,18
32,120	0,53	-0,40	-1,38
32,140	0,52	-0,41	1,40
32,160	0,51	-0,35	1,50
32,180	0,50	-0,35	0,09
32,200	0,49	-0,34	0,32
32,220	0,49	-0,34	0,42
32,240	0,48	-0,33	0,54
32,260	0,47	-0,31	0,55
32,280	0,47	-0,31	0,42
32,300	0,46	-0,30	0,54
32,320	0,46	-0,28	0,55
32,340	0,45	-0,28	0,42
32,360	0,45	-0,27	0,64
32,380	0,44	-0,25	0,77
32,400	0,44	-0,24	0,53
32,420	0,43	-0,23	0,63
32,440	0,43	-0,21	0,86
32,460	0,42	-0,19	0,86
32,480	0,42	-0,18	0,87
32,500	0,42	-0,16	0,75
32,520	0,41	-0,15	0,75
32,540	0,41	-0,13	0,86
32,560	0,41	-0,11	0,86
32,580	0,41	-0,10	0,86
32,600	0,40	-0,08	0,85
32,620	0,40	-0,06	0,97
32,640	0,40	-0,04	0,97
32,660	0,40	-0,02	0,85
32,680	0,40	-0,01	0,97
32,700	0,40	0,02	0,97
32,720	0,40	0,03	0,86
32,740	0,40	0,05	0,86
32,760	0,40	0,07	0,86
32,780	0,40	0,08	0,86
32,800	0,41	0,10	0,86
32,820	0,41	0,12	0,85
32,840	0,41	0,14	0,97
32,860	0,41	0,16	0,98
32,880	0,42	0,18	0,75
32,900	0,42	0,19	0,74
32,920	0,42	0,21	0,87
32,940	0,43	0,22	0,76
32,960	0,43	0,24	0,64
32,980	0,44	0,25	0,64
33,000	0,44	0,26	0,65
33,020	0,45	0,27	0,54
33,040	0,45	0,28	0,53
33,060	0,46	0,30	0,65
33,080	0,47	0,31	0,55
33,100	0,47	0,32	0,32
33,120	0,48	0,32	0,29
33,140	0,49	0,33	0,75
33,160	0,49	0,35	0,79
33,180	0,50	0,36	0,13
33,200	0,51	0,36	1,29
33,220	0,51	0,41	1,46
33,240	0,52	0,42	-1,07
33,260	0,53	0,37	-1,24
33,280	0,54	0,37	-0,36
33,300	0,55	0,36	0,20
33,320	0,55	0,37	0,47
33,340	0,56	0,37	-0,10
33,360	0,57	0,37	-0,20
33,380	0,57	0,37	-0,44
33,400	0,58	0,35	-0,34
33,420	0,59	0,35	-0,09
33,440	0,60	0,35	-0,43
33,460	0,60	0,34	0,85
33,480	0,61	0,38	1,19
33,500	0,62	0,38	-1,47
33,520	0,62	0,32	-1,94
33,540	0,63	0,31	-0,55
33,560	0,64	0,30	-0,52
33,580	0,64	0,28	0,53
33,600	0,65	0,32	0,94
33,620	0,66	0,32	-2,45
33,640	0,66	0,23	-2,90
33,660	0,67	0,21	-0,43
33,680	0,67	0,21	-0,39
33,700	0,67	0,19	-0,86
33,720	0,68	0,17	-0,86
33,740	0,68	0,16	-0,87
33,760	0,68	0,14	-0,74
33,780	0,69	0,13	-0,86
33,800	0,69	0,10	-0,87
33,820	0,69	0,09	-0,72
33,840	0,69	0,08	-1,09
33,860	0,69	0,05	-0,98
33,880	0,69	0,04	-0,71
33,900	0,69	0,02	-2,52
33,920	0,69	-0,06	-1,14
33,940	0,69	-0,03	2,21
33,960	0,69	0,02	-0,58
33,980	0,69	-0,05	-2,59
34,000	0,69	-0,08	-1,13
34,020	0,69	-0,09	-3,13
34,040	0,69	-0,20	-1,07
34,060	0,68	-0,14	3,97
34,080	0,68	-0,05	-0,08
34,100	0,68	-0,14	-8,18
34,120	0,68	-0,37	-1,76
34,140	0,66	-0,21	9,14
34,160	0,67	-0,01	-0,04
34,180	0,66	-0,21	-7,32
34,200	0,66	-0,30	-2,67
34,220	0,65	-0,32	0,76
34,240	0,65	-0,27	0,79
34,260	0,64	-0,29	-0,87
34,280	0,64	-0,30	-0,78
34,300	0,63	-0,32	-0,31
34,320	0,62	-0,32	-1,84
34,340	0,62	-0,39	-1,99
34,360	0,61	-0,40	1,35
34,380	0,60	-0,34	0,73
34,400	0,59	-0,37	-0,40
34,420	0,59	-0,35	0,64
34,440	0,58	-0,34	-0,63
34,460	0,57	-0,38	-0,94
34,480	0,56	-0,38	0,25
34,500	0,56	-0,37	-1,87
34,520	0,55	-0,45	-0,06
34,540	0,54	-0,37	4,05
34,560	0,54	-0,29	-1,28
34,580	0,53	-0,42	-3,24
34,600	0,52	-0,42	1,39
34,620	0,51	-0,37	1,60
34,640	0,50	-0,36	0,34
34,660	0,50	-0,35	0,09
34,680	0,49	-0,35	0,30
34,700	0,48	-0,34	0,66
34,720	0,48	-0,33	0,43
34,740	0,47	-0,32	0,42
34,760	0,46	-0,31	0,79
34,780	0,46	-0,29	-3,49
34,800	0,45	-0,45	-1,58
34,820	0,44	-0,36	8,67
34,840	0,44	-0,10	4,58
34,860	0,43	-0,17	-5,52
34,880	0,43	-0,32	-3,54
34,900	0,42	-0,31	3,57
34,920	0,42	-0,18	5,26
34,940	0,41	-0,10	1,89
34,960	0,41	-0,11	-1,10
34,980	0,41	-0,15	-0,73
35,000	0,41	-0,13	0,75
35,020	0,41	-0,12	0,86
35,040	0,40	-0,10	0,86
35,060	0,40	-0,08	0,85
35,080	0,40	-0,07	0,96
35,100	0,40	-0,04	1,09
35,120	0,40	-0,02	0,86
35,140	0,40	-0,01	0,85
35,160	0,40	0,01	1,07
35,180	0,40	0,03	1,09
35,200	0,40	0,06	0,86
35,220	0,40	0,07	0,85
35,240	0,40	0,09	1,09
35,260	0,40	0,11	0,75
35,280	0,41	0,12	0,73
35,300	0,41	0,14	1,09
35,320	0,41	0,16	0,87
35,340	0,41	0,18	0,74
35,360	0,42	0,19	0,87
35,380	0,42	0,21	0,75
35,400	0,43	0,22	0,75
35,420	0,43	0,24	0,75
35,440	0,44	0,25	0,76
35,460	0,44	0,27	0,66
35,480	0,45	0,28	0,41
35,500	0,45	0,29	0,64
35,520	0,46	0,30	0,77
35,540	0,46	0,32	0,56
35,560	0,47	0,33	0,34
35,580	0,48	0,33	-1,52
35,600	0,48	0,27	-1,65
35,620	0,49	0,26	3,73
35,640	0,50	0,41	4,54
35,660	0,51	0,45	-0,76
35,680	0,51	0,38	-0,74
35,700	0,52	0,42	0,89
35,720	0,53	0,42	-1,07
35,740	0,54	0,37	-1,25
35,760	0,54	0,37	-0,21
35,780	0,55	0,37	-0,22
35,800	0,56	0,36	-0,13
35,820	0,57	0,36	0,21
35,840	0,57	0,37	0,37
35,860	0,58	0,37	-0,18
35,880	0,59	0,36	-0,64
35,900	0,60	0,35	-0,67
35,920	0,60	0,34	-0,47
35,940	0,61	0,33	1,34
35,960	0,62	0,39	1,01
35,980	0,62	0,37	-2,19
36,000	0,63	0,30	-1,81
36,020	0,64	0,30	-0,62
36,040	0,64	0,28	-1,03
36,060	0,65	0,26	1,13
36,080	0,65	0,32	-0,45
36,100	0,66	0,24	-4,27
36,120	0,66	0,15	-1,14
36,140	0,67	0,19	2,19
36,160	0,67	0,24	0,80
36,180	0,68	0,23	-2,16
36,200	0,68	0,15	-2,17
36,220	0,68	0,14	-0,74
36,240	0,69	0,12	-0,85
36,260	0,69	0,11	-0,97
36,280	0,69	0,08	-0,99
36,300	0,69	0,07	-0,74
36,320	0,69	0,05	-0,84
36,340	0,69	0,03	-1,07
36,360	0,69	0,01	-1,10
36,380	0,69	-0,01	-0,89
36,400	0,69	-0,02	-0,49
36,420	0,69	-0,03	-0,95
36,440	0,69	-0,06	-1,23
36,460	0,69	-0,08	-0,73
36,480	0,69	-0,09	-0,97
36,500	0,69	-0,12	-1,00
36,520	0,68	-0,13	-0,64
36,540	0,68	-0,14	-0,74
36,560	0,68	-0,16	-0,87
36,580	0,67	-0,18	-0,64
36,600	0,67	-0,19	-1,93
36,620	0,67	-0,26	-2,28
36,640	0,66	-0,28	0,44
36,660	0,66	-0,24	0,44
36,680	0,65	-0,26	-0,89
36,700	0,65	-0,27	-0,54
36,720	0,64	-0,28	-0,54
36,740	0,63	-0,30	-0,54
36,760	0,63	-0,30	-0,42
36,780	0,62	-0,31	-1,81
36,800	0,62	-0,38	-2,28
36,820	0,61	-0,40	0,46
36,840	0,60	-0,36	1,51
36,860	0,59	-0,34	0,15
36,880	0,59	-0,35	-0,45
36,900	0,58	-0,36	-0,24
36,920	0,57	-0,36	0,11
36,940	0,56	-0,36	0,12
36,960	0,56	-0,36	-1,52E-12
36,980	0,55	-0,36	1,59E-12
37,000	0,54	-0,36	0,09
37,020	0,54	-0,35	-1,18
37,040	0,53	-0,40	-1,48
37,060	0,52	-0,41	1,16
37,080	0,51	-0,36	1,59
37,100	0,50	-0,35	0,43
37,120	0,50	-0,34	0,44
37,140	0,49	-0,33	0,33
37,160	0,48	-0,33	0,19
37,180	0,48	-0,32	0,53
37,200	0,47	-0,31	0,67
37,220	0,47	-0,30	0,31
37,240	0,46	-0,29	0,52
37,260	0,45	-0,28	0,77
37,280	0,45	-0,26	0,53
37,300	0,44	-0,25	0,63
37,320	0,44	-0,24	0,87
37,340	0,43	-0,22	0,76
37,360	0,43	-0,21	0,65
37,380	0,43	-0,19	0,64
37,400	0,42	-0,18	0,75
37,420	0,42	-0,16	0,86
37,440	0,42	-0,15	0,85
37,460	0,41	-0,13	0,97
37,480	0,41	-0,11	0,87
37,500	0,41	-0,10	
