Messreihe #1	Messreihe #1	Messreihe #1	Messreihe #1
Zeit (s)	Position (m)	Geschwindigkeit (m/s)	Beschleunigung (m/s²)
0,000	0,55		
0,020	0,56	0,30	
0,040	0,57	0,26	-0,84
0,060	0,57	0,27	0,30
0,080	0,58	0,27	0,56
0,100	0,58	0,29	0,35
0,120	0,59	0,29	-0,04
0,140	0,59	0,29	0,46
0,160	0,60	0,31	0,13
0,180	0,61	0,30	-0,22
0,200	0,61	0,30	-0,09
0,220	0,62	0,29	-0,45
0,240	0,62	0,28	1,06
0,260	0,63	0,34	1,55
0,280	0,64	0,34	-1,58
0,300	0,64	0,27	-2,06
0,320	0,65	0,26	-0,55
0,340	0,65	0,25	-0,42
0,360	0,66	0,24	-0,54
0,380	0,66	0,23	-0,55
0,400	0,67	0,22	-0,41
0,420	0,67	0,21	-0,62
0,440	0,68	0,20	-0,88
0,460	0,68	0,18	-0,65
0,480	0,68	0,17	-0,50
0,500	0,69	0,16	-0,85
0,520	0,69	0,13	-0,99
0,540	0,69	0,12	-0,75
0,560	0,69	0,10	-0,73
0,580	0,70	0,09	-0,97
0,600	0,70	0,07	-0,98
0,620	0,70	0,05	-0,85
0,640	0,70	0,03	-0,96
0,660	0,70	0,01	-1,07
0,680	0,70	-0,01	-1,10
0,700	0,70	-0,03	-0,87
0,720	0,70	-0,05	-0,73
0,740	0,70	-0,06	-0,96
0,760	0,70	-0,08	-1,10
0,780	0,69	-0,11	-0,88
0,800	0,69	-0,12	-0,62
0,820	0,69	-0,13	-0,85
0,840	0,69	-0,15	-0,98
0,860	0,68	-0,17	-0,86
0,880	0,68	-0,19	-0,72
0,900	0,68	-0,20	-2,43
0,920	0,67	-0,28	-0,69
0,940	0,66	-0,23	1,25
0,960	0,66	-0,23	-2,04
0,980	0,66	-0,31	-0,99
1,000	0,65	-0,27	0,50
1,020	0,64	-0,29	-0,32
1,040	0,64	-0,29	-0,31
1,060	0,63	-0,30	-0,43
1,080	0,63	-0,30	-0,44
1,100	0,62	-0,32	-0,24
1,120	0,61	-0,31	-1,28
1,140	0,61	-0,37	-1,64
1,160	0,60	-0,38	1,27
1,180	0,59	-0,32	1,64
1,200	0,59	-0,31	3,99E-4
1,220	0,58	-0,32	-0,03
1,240	0,57	-0,31	0,32
1,260	0,57	-0,31	0,32
1,280	0,56	-0,30	0,31
1,300	0,56	-0,29	0,43
1,320	0,55	-0,28	0,43
1,340	0,54	-0,28	0,43
1,360	0,54	-0,27	0,41
1,380	0,53	-0,26	0,64
1,400	0,53	-0,24	0,77
1,420	0,52	-0,23	0,54
1,440	0,52	-0,22	0,52
1,460	0,51	-0,21	0,75
1,480	0,51	-0,19	0,86
1,500	0,51	-0,17	0,87
1,520	0,50	-0,16	0,75
1,540	0,50	-0,14	0,74
1,560	0,50	-0,13	0,97
1,580	0,50	-0,10	0,98
1,600	0,49	-0,09	0,75
1,620	0,49	-0,07	0,85
1,640	0,49	-0,05	1,09
1,660	0,49	-0,03	0,86
1,680	0,49	-0,02	0,85
1,700	0,49	0,00	0,98
1,720	0,49	0,02	0,75
1,740	0,49	0,03	0,74
1,760	0,49	0,05	0,85
1,780	0,49	0,07	0,97
1,800	0,49	0,09	0,87
1,820	0,50	0,10	0,64
1,840	0,50	0,11	0,75
1,860	0,50	0,13	0,76
1,880	0,50	0,15	0,65
1,900	0,51	0,16	0,54
1,920	0,51	0,17	0,53
1,940	0,51	0,18	0,65
1,960	0,52	0,19	0,54
1,980	0,52	0,20	0,44
2,000	0,52	0,21	0,32
2,020	0,53	0,21	0,32
2,040	0,53	0,22	0,33
2,060	0,54	0,23	0,21
2,080	0,54	0,23	0,12
2,100	0,55	0,23	1,49
2,120	0,55	0,29	0,42
2,140	0,56	0,25	-2,65
2,160	0,56	0,19	1,09
2,180	0,57	0,29	2,67
2,200	0,57	0,29	-1,43
2,220	0,58	0,24	-1,05
2,240	0,58	0,25	0,17
2,260	0,59	0,24	-0,66
2,280	0,59	0,22	-0,48
2,300	0,60	0,22	0,13
2,320	0,60	0,23	-0,06
2,340	0,61	0,22	-0,65
2,360	0,61	0,20	-0,56
2,380	0,61	0,20	-0,31
2,400	0,62	0,19	-0,42
2,420	0,62	0,18	-0,55
2,440	0,63	0,17	-0,46
2,460	0,63	0,16	-0,07
2,480	0,63	0,17	-0,48
2,500	0,64	0,14	-1,23
2,520	0,64	0,12	-0,68
2,540	0,64	0,12	-0,17
2,560	0,64	0,11	-0,64
2,580	0,64	0,09	-0,78
2,600	0,65	0,08	0,75
2,620	0,65	0,12	1,00
2,640	0,65	0,12	-1,81
2,660	0,65	0,05	-2,17
2,680	0,65	0,03	-0,69
2,700	0,65	0,02	-0,20
2,720	0,65	0,02	-0,29
2,740	0,65	0,01	-0,64
2,760	0,65	0,00	-0,66
2,780	0,65	-0,02	-0,56
2,800	0,65	-0,03	-0,32
2,820	0,65	-0,03	-0,19
2,840	0,65	-0,03	-1,72
2,860	0,65	-0,10	-2,00
2,880	0,65	-0,11	1,19
2,900	0,65	-0,05	1,24
2,920	0,65	-0,06	-0,70
2,940	0,64	-0,08	-0,09
2,960	0,64	-0,07	-0,30
2,980	0,64	-0,09	-0,60
3,000	0,64	-0,09	0,12
3,020	0,64	-0,09	0,02
3,040	0,64	-0,09	-0,23
3,060	0,63	-0,09	-0,12
3,080	0,63	-0,09	0,02
3,100	0,63	-0,09	-0,22
3,120	0,63	-0,10	-0,14
3,140	0,63	-0,10	0,23
3,160	0,62	-0,09	0,01
3,180	0,62	-0,10	-0,15
3,200	0,62	-0,10	0,33
3,220	0,62	-0,09	0,24
3,240	0,62	-0,09	-0,12
3,260	0,62	-0,09	-0,01
3,280	0,61	-0,09	0,09
3,300	0,61	-0,09	0,33
3,320	0,61	-0,08	0,23
3,340	0,61	-0,08	-0,01
3,360	0,61	-0,08	0,09
3,380	0,61	-0,07	0,34
3,400	0,60	-0,06	0,12
3,420	0,60	-0,07	-0,03
3,440	0,60	-0,07	0,35
3,460	0,60	-0,06	1,63E-4
3,480	0,60	-0,07	-0,05
3,500	0,60	-0,06	0,57
3,520	0,60	-0,04	0,14
3,540	0,60	-0,05	-0,36
3,560	0,60	-0,06	0,08
3,580	0,59	-0,05	0,45
3,600	0,59	-0,04	0,25
3,620	0,59	-0,04	-0,22
3,640	0,59	-0,05	-0,26
3,660	0,59	-0,05	0,30
3,680	0,59	-0,04	0,60
3,700	0,59	-0,02	-0,17
3,720	0,59	-0,04	-0,82
3,740	0,59	-0,06	-0,05
3,760	0,59	-0,04	0,58
3,780	0,59	-0,03	0,04
3,800	0,59	-0,04	-0,46
3,820	0,58	-0,05	-0,13
3,840	0,58	-0,05	0,23
3,860	0,58	-0,04	0,02
3,880	0,58	-0,05	-0,22
3,900	0,58	-0,05	-0,22
3,920	0,58	-0,06	-0,22
3,940	0,58	-0,06	-0,12
3,960	0,58	-0,06	0,01
3,980	0,58	-0,06	-0,10
4,000	0,57	-0,06	-0,22
4,020	0,57	-0,07	-0,01
4,040	0,57	-0,06	-1,39
4,060	0,57	-0,12	-0,30
4,080	0,57	-0,08	2,46
4,100	0,57	-0,03	-0,13
4,120	0,57	-0,08	-1,29
4,140	0,56	-0,08	-1,30
4,160	0,56	-0,13	-1,38
4,180	0,56	-0,13	1,19
4,200	0,56	-0,09	1,16
4,220	0,56	-0,09	-6,94E-14
4,240	0,55	-0,09	-2,15E-14
4,260	0,55	-0,09	0,01
4,280	0,55	-0,09	-0,12
4,300	0,55	-0,09	0,10
4,320	0,55	-0,08	0,23
4,340	0,55	-0,08	-0,01
4,360	0,54	-0,08	0,10
4,380	0,54	-0,08	0,22
4,400	0,54	-0,07	0,22
4,420	0,54	-0,07	0,10
4,440	0,54	-0,07	0,20
4,460	0,54	-0,06	0,44
4,480	0,54	-0,05	0,32
4,500	0,53	-0,05	0,32
4,520	0,53	-0,04	0,32
4,540	0,53	-0,04	0,31
4,560	0,53	-0,03	0,43
4,580	0,53	-0,02	0,43
4,600	0,53	-0,01	0,44
4,620	0,53	-3,32E-4	0,31
4,640	0,53	0,00	0,41
4,660	0,53	0,02	0,65
4,680	0,53	0,03	0,55
4,700	0,53	0,04	0,42
4,720	0,53	0,05	0,54
4,740	0,53	0,06	0,54
4,760	0,54	0,07	0,53
4,780	0,54	0,08	0,66
4,800	0,54	0,09	0,43
4,820	0,54	0,10	0,41
4,840	0,54	0,11	0,65
4,860	0,55	0,12	0,54
4,880	0,55	0,13	0,54
4,900	0,55	0,15	0,55
4,920	0,55	0,15	0,43
4,940	0,56	0,16	0,43
4,960	0,56	0,17	0,42
4,980	0,56	0,18	0,55
5,000	0,57	0,19	0,45
5,020	0,57	0,20	0,21
5,040	0,58	0,20	0,32
5,060	0,58	0,21	0,32
5,080	0,58	0,21	0,21
5,100	0,59	0,22	1,63
5,120	0,59	0,28	1,61
5,140	0,60	0,28	-1,08
5,160	0,60	0,24	-1,06
5,180	0,61	0,24	0,11
5,200	0,61	0,24	0,13
5,220	0,62	0,25	-0,07
5,240	0,62	0,24	-0,60
5,260	0,63	0,22	0,08
5,280	0,63	0,24	0,52
5,300	0,64	0,24	-0,64
5,320	0,64	0,22	0,51
5,340	0,65	0,26	1,09
5,360	0,65	0,26	-1,61
5,380	0,66	0,20	-1,71
5,400	0,66	0,19	-0,54
5,420	0,66	0,18	-0,54
5,440	0,67	0,17	-0,53
5,460	0,67	0,16	-0,65
5,480	0,67	0,14	-0,53
5,500	0,68	0,13	-0,63
5,520	0,68	0,12	-0,77
5,540	0,68	0,10	-0,53
5,560	0,68	0,10	-0,61
5,580	0,68	0,08	-0,97
5,600	0,69	0,06	-1,00
5,620	0,69	0,04	-0,64
5,640	0,69	0,03	-0,61
5,660	0,69	0,02	-0,98
5,680	0,69	-0,01	-0,88
5,700	0,69	-0,02	-0,62
5,720	0,69	-0,03	-0,84
5,740	0,69	-0,05	-1,10
5,760	0,69	-0,08	-0,88
5,780	0,68	-0,09	-0,62
5,800	0,68	-0,10	-0,85
5,820	0,68	-0,12	-0,99
5,840	0,68	-0,14	-0,75
5,860	0,67	-0,15	-0,75
5,880	0,67	-0,17	-0,76
5,900	0,67	-0,18	-0,64
5,920	0,66	-0,20	-0,75
5,940	0,66	-0,21	-0,76
5,960	0,65	-0,23	-0,65
5,980	0,65	-0,24	-0,54
6,000	0,65	-0,25	-1,83
6,020	0,64	-0,31	-2,06
6,040	0,63	-0,33	0,64
6,060	0,63	-0,29	0,75
6,080	0,62	-0,30	-0,57
6,100	0,62	-0,31	-0,24
6,120	0,61	-0,31	0,22
6,140	0,60	-0,30	-1,28
6,160	0,60	-0,36	-0,33
6,180	0,59	-0,31	2,79
6,200	0,58	-0,25	-1,08
6,220	0,58	-0,36	-2,69
6,240	0,57	-0,36	1,51
6,260	0,56	-0,30	1,62
6,280	0,56	-0,29	0,22
6,300	0,55	-0,29	0,21
6,320	0,55	-0,28	0,31
6,340	0,54	-0,28	0,43
6,360	0,54	-0,27	0,42
6,380	0,53	-0,26	0,53
6,400	0,53	-0,25	0,65
6,420	0,52	-0,23	0,65
6,440	0,52	-0,22	0,65
6,460	0,51	-0,21	0,64
6,480	0,51	-0,19	0,75
6,500	0,50	-0,18	0,87
6,520	0,50	-0,16	0,75
6,540	0,50	-0,15	0,85
6,560	0,49	-0,13	0,98
6,580	0,49	-0,11	0,75
6,600	0,49	-0,10	0,85
6,620	0,49	-0,07	1,09
6,640	0,49	-0,05	0,87
6,660	0,49	-0,04	0,74
6,680	0,49	-0,02	0,97
6,700	0,49	0,00	0,97
6,720	0,49	0,02	0,97
6,740	0,49	0,04	0,97
6,760	0,49	0,05	0,86
6,780	0,49	0,07	0,87
6,800	0,49	0,09	0,74
6,820	0,49	0,10	0,85
6,840	0,49	0,12	0,98
6,860	0,50	0,14	0,75
6,880	0,50	0,15	0,75
6,900	0,50	0,17	0,76
6,920	0,51	0,18	0,64
6,940	0,51	0,20	0,65
6,960	0,51	0,21	0,54
6,980	0,52	0,22	0,54
7,000	0,52	0,23	0,54
7,020	0,53	0,24	0,43
7,040	0,53	0,25	0,44
7,060	0,54	0,26	0,32
7,080	0,54	0,26	0,32
7,100	0,55	0,27	0,33
7,120	0,55	0,27	0,22
7,140	0,56	0,28	0,12
7,160	0,56	0,28	-0,11
7,180	0,57	0,27	1,30
7,200	0,58	0,33	1,38
7,220	0,58	0,33	-1,18
7,240	0,59	0,28	-1,25
7,260	0,60	0,28	-0,34
7,280	0,60	0,27	-0,11
7,300	0,61	0,28	-0,07
7,320	0,61	0,27	-0,57
7,340	0,62	0,25	-0,22
7,360	0,62	0,26	-0,04
7,380	0,63	0,25	-0,97
7,400	0,63	0,22	0,28
7,420	0,64	0,26	0,99
7,440	0,64	0,26	-1,82
7,460	0,65	0,19	-2,06
7,480	0,65	0,18	-0,53
7,500	0,65	0,17	-0,63
7,520	0,66	0,15	-0,76
7,540	0,66	0,14	-0,62
7,560	0,66	0,13	-0,87
7,580	0,66	0,10	-0,77
7,600	0,67	0,10	-0,51
7,620	0,67	0,08	-0,87
7,640	0,67	0,06	-0,77
7,660	0,67	0,05	-0,52
7,680	0,67	0,04	-0,75
7,700	0,67	0,02	-0,76
7,720	0,67	0,01	-0,64
7,740	0,67	0,00	-0,65
7,760	0,67	-0,02	-0,65
7,780	0,67	-0,03	-0,65
7,800	0,67	-0,04	-0,66
7,820	0,67	-0,06	-0,54
7,840	0,67	-0,06	-0,53
7,860	0,67	-0,08	-0,66
7,880	0,67	-0,09	-0,55
7,900	0,66	-0,10	-0,43
7,920	0,66	-0,11	-0,44
7,940	0,66	-0,12	-0,31
7,960	0,66	-0,12	-0,42
7,980	0,66	-0,13	-0,56
8,000	0,65	-0,14	-0,32
8,020	0,65	-0,15	-0,21
8,040	0,65	-0,15	-1,52
8,060	0,64	-0,21	-1,63
8,080	0,64	-0,22	1,09
8,100	0,63	-0,16	1,09
8,120	0,63	-0,17	-0,34
8,140	0,63	-0,18	-0,12
8,160	0,62	-0,18	-0,01
8,180	0,62	-0,18	0,11
8,200	0,62	-0,17	0,10
8,220	0,61	-0,17	0,22
8,240	0,61	-0,16	0,24
8,260	0,61	-0,16	-0,13
8,280	0,60	-0,17	0,09
8,300	0,60	-0,16	0,32
8,320	0,60	-0,16	0,31
8,340	0,59	-0,15	0,55
8,360	0,59	-0,13	-0,96
8,380	0,59	-0,19	-1,31
8,400	0,58	-0,19	1,62
8,420	0,58	-0,12	1,63
8,440	0,58	-0,12	0,08
8,460	0,58	-0,12	0,43
8,480	0,57	-0,10	0,44
8,500	0,57	-0,10	0,32
8,520	0,57	-0,09	0,33
8,540	0,57	-0,09	0,21
8,560	0,57	-0,08	0,31
8,580	0,57	-0,07	0,44
8,600	0,56	-0,06	0,33
8,620	0,56	-0,06	0,21
8,640	0,56	-0,06	0,32
8,660	0,56	-0,05	0,33
8,680	0,56	-0,04	0,21
8,700	0,56	-0,04	0,31
8,720	0,56	-0,03	0,45
8,740	0,56	-0,02	0,22
8,760	0,56	-0,02	0,10
8,780	0,56	-0,02	0,22
8,800	0,56	-0,01	0,10
8,820	0,56	-0,01	0,22
8,840	0,56	0,00	0,23
8,860	0,56	0,00	-0,01
8,880	0,56	0,00	0,10
8,900	0,56	-3,48E-4	0,22
8,920	0,56	0,00	0,23
8,940	0,56	0,01	0,01
8,960	0,56	0,00	-0,12
8,980	0,56	0,00	0,11
9,000	0,56	0,01	0,12
9,020	0,56	0,01	0,01
9,040	0,56	0,01	-0,11
9,060	0,56	0,00	-0,12
9,080	0,56	0,00	0,12
9,100	0,56	0,01	0,01
9,120	0,56	0,00	-0,12
9,140	0,56	0,00	0,01
9,160	0,56	0,00	-0,12
9,180	0,56	-3,49E-4	-0,01
9,200	0,56	0,00	0,13
9,220	0,56	0,00	-0,22
9,240	0,56	0,00	-0,24
9,260	0,56	0,00	0,12
9,280	0,56	3,49E-4	0,01
9,300	0,56	0,00	-0,12
9,320	0,56	0,00	-6,46E-14
9,340	0,56	0,00	-6,46E-14
9,360	0,56	0,00	6,46E-14
9,380	0,56	0,00	6,94E-14
9,400	0,56	0,00	4,77E-15
9,420	0,56	0,00	-0,01
9,440	0,56	0,00	0,11
9,460	0,56	0,00	0,12
9,480	0,56	0,00	0,00
9,500	0,56	0,00	-0,01
9,520	0,56	-3,48E-4	0,10
9,540	0,56	0,00	0,21
9,560	0,56	0,01	0,22
9,580	0,56	0,01	0,12
9,600	0,56	0,01	-0,02
9,620	0,56	0,01	0,21
9,640	0,56	0,02	0,33
9,660	0,56	0,03	0,11
9,680	0,56	0,03	1,50
9,700	0,56	0,09	1,81
9,720	0,56	0,10	-2,27
9,740	0,56	-0,01	-2,55
9,760	0,56	0,00	2,81
9,780	0,56	0,11	2,87
9,800	0,57	0,11	-0,99
9,820	0,57	0,07	-0,72
9,840	0,57	0,08	0,34
9,860	0,57	0,08	0,08
9,880	0,57	0,08	0,44
9,900	0,57	0,10	0,32
9,920	0,58	0,10	0,31
9,940	0,58	0,11	0,47
9,960	0,58	0,12	-0,04
9,980	0,58	0,11	0,41
10,000	0,59	0,13	0,71
10,020	0,59	0,14	-0,13
10,040	0,59	0,13	0,06
10,060	0,59	0,14	0,67
10,080	0,60	0,15	0,35
10,100	0,60	0,15	-0,01
10,120	0,60	0,15	0,10
10,140	0,61	0,16	0,22
10,160	0,61	0,16	0,11
10,180	0,61	0,16	0,10
10,200	0,62	0,17	0,24
10,220	0,62	0,17	-0,08
10,240	0,62	0,16	-0,46
10,260	0,63	0,15	-0,14
10,280	0,63	0,16	0,21
10,300	0,63	0,16	0,23
10,320	0,64	0,17	0,04
10,340	0,64	0,16	-0,41
10,360	0,64	0,15	-0,80
10,380	0,64	0,13	0,94
10,400	0,65	0,19	1,56
10,420	0,65	0,20	-1,59
10,440	0,66	0,13	-1,96
10,460	0,66	0,12	-0,42
10,480	0,66	0,11	-0,54
10,500	0,66	0,10	-0,55
10,520	0,66	0,09	-0,42
10,540	0,67	0,08	-0,54
10,560	0,67	0,07	-0,54
10,580	0,67	0,06	-0,53
10,600	0,67	0,04	-0,64
10,620	0,67	0,03	-0,64
10,640	0,67	0,02	-0,64
10,660	0,67	0,01	-0,64
10,680	0,67	-0,01	-0,65
10,700	0,67	-0,02	-0,65
10,720	0,67	-0,03	-0,65
10,740	0,67	-0,05	-0,65
10,760	0,67	-0,06	-0,63
10,780	0,67	-0,07	-0,74
10,800	0,66	-0,09	-0,88
10,820	0,66	-0,11	-0,66
10,840	0,66	-0,11	-0,40
10,860	0,66	-0,12	-1,93
10,880	0,66	-0,19	-2,28
10,900	0,65	-0,21	0,41
10,920	0,65	-0,18	0,76
10,940	0,64	-0,18	-0,54
10,960	0,64	-0,20	-0,55
10,980	0,64	-0,21	-0,41
11,000	0,63	-0,21	-0,65
11,020	0,63	-0,23	-0,68
11,040	0,62	-0,24	-0,32
11,060	0,62	-0,24	-0,30
11,080	0,61	-0,25	-0,57
11,100	0,61	-0,27	-0,24
11,120	0,60	-0,26	0,14
11,140	0,60	-0,26	-0,33
11,160	0,59	-0,28	-0,24
11,180	0,59	-0,27	0,22
11,200	0,58	-0,27	-1,19
11,220	0,58	-0,32	-1,26
11,240	0,57	-0,32	1,18
11,260	0,56	-0,27	1,26
11,280	0,56	-0,27	0,33
11,300	0,55	-0,26	0,22
11,320	0,55	-0,26	0,08
11,340	0,54	-0,25	0,42
11,360	0,54	-0,24	0,56
11,380	0,53	-0,23	0,32
11,400	0,53	-0,23	0,42
11,420	0,52	-0,22	0,55
11,440	0,52	-0,21	0,41
11,460	0,51	-0,20	0,64
11,480	0,51	-0,18	0,76
11,500	0,51	-0,17	0,65
11,520	0,50	-0,16	0,65
11,540	0,50	-0,14	0,62
11,560	0,50	-0,13	0,96
11,580	0,50	-0,10	1,11
11,600	0,49	-0,09	0,64
11,620	0,49	-0,08	0,74
11,640	0,49	-0,06	0,98
11,660	0,49	-0,04	0,86
11,680	0,49	-0,02	0,86
11,700	0,49	-0,01	0,85
11,720	0,49	0,01	0,98
11,740	0,49	0,03	0,86
11,760	0,49	0,05	0,85
11,780	0,49	0,07	0,97
11,800	0,49	0,08	0,85
11,820	0,49	0,10	0,98
11,840	0,50	0,12	0,76
11,860	0,50	0,13	0,62
11,880	0,50	0,15	0,97
11,900	0,51	0,17	0,87
11,920	0,51	0,18	0,64
11,940	0,51	0,20	0,65
11,960	0,52	0,21	0,53
11,980	0,52	0,22	0,64
12,000	0,53	0,24	0,67
12,020	0,53	0,24	0,31
12,040	0,54	0,25	0,42
12,060	0,54	0,26	0,55
12,080	0,55	0,27	0,33
12,100	0,55	0,27	0,21
12,120	0,56	0,28	0,32
12,140	0,56	0,29	0,34
12,160	0,57	0,29	0,01
12,180	0,57	0,29	1,39
12,200	0,58	0,35	0,22
12,220	0,59	0,30	-1,49
12,240	0,59	0,29	1,17
12,260	0,60	0,34	0,11
12,280	0,61	0,29	-1,38
12,300	0,61	0,29	-0,20
12,320	0,62	0,28	-0,45
12,340	0,62	0,27	-0,20
12,360	0,63	0,28	-0,25
12,380	0,63	0,26	-1,14
12,400	0,64	0,23	-0,47
12,420	0,64	0,24	1,38
12,440	0,65	0,29	0,58
12,460	0,65	0,26	-2,39
12,480	0,66	0,19	-2,18
12,500	0,66	0,18	-0,53
12,520	0,67	0,17	-0,62
12,540	0,67	0,15	-0,87
12,560	0,67	0,13	-0,76
12,580	0,67	0,12	-0,62
12,600	0,68	0,11	-0,85
12,620	0,68	0,09	-1,00
12,640	0,68	0,07	-0,64
12,660	0,68	0,06	-0,61
12,680	0,68	0,05	-0,97
12,700	0,68	0,02	-1,00
12,720	0,68	0,01	-0,64
12,740	0,68	0,00	-0,62
12,760	0,68	-0,02	-0,86
12,780	0,68	-0,04	-0,87
12,800	0,68	-0,05	-0,76
12,820	0,68	-0,07	-0,63
12,840	0,68	-0,08	-0,76
12,860	0,68	-0,10	-0,65
12,880	0,68	-0,11	-0,65
12,900	0,67	-0,12	-0,67
12,920	0,67	-0,13	-0,42
12,940	0,67	-0,14	-0,54
12,960	0,66	-0,15	-0,54
12,980	0,66	-0,16	-0,54
13,000	0,66	-0,18	-0,55
13,020	0,65	-0,18	-0,30
13,040	0,65	-0,19	-1,84
13,060	0,65	-0,26	-1,99
13,080	0,64	-0,27	1,19
13,100	0,64	-0,21	1,21
13,120	0,63	-0,22	-0,32
13,140	0,63	-0,22	-0,33
13,160	0,62	-0,23	-0,24
13,180	0,62	-0,23	0,10
13,200	0,61	-0,23	0,22
13,220	0,61	-0,22	0,22
13,240	0,60	-0,22	0,12
13,260	0,60	-0,22	-6,94E-14
13,280	0,60	-0,22	-0,02
13,300	0,59	-0,22	0,19
13,320	0,59	-0,21	0,65
13,340	0,58	-0,19	-0,73
13,360	0,58	-0,24	-1,18
13,380	0,57	-0,24	1,50
13,400	0,57	-0,18	1,71
13,420	0,57	-0,17	0,43
13,440	0,56	-0,16	0,43
13,460	0,56	-0,16	0,43
13,480	0,56	-0,15	0,43
13,500	0,55	-0,14	0,43
13,520	0,55	-0,13	0,41
13,540	0,55	-0,12	0,65
13,560	0,55	-0,10	0,67
13,580	0,54	-0,09	0,31
13,600	0,54	-0,09	0,41
13,620	0,54	-0,08	0,65
13,640	0,54	-0,07	0,55
13,660	0,54	-0,06	0,42
13,680	0,54	-0,05	0,54
13,700	0,54	-0,04	0,55
13,720	0,54	-0,03	0,43
13,740	0,54	-0,02	0,43
13,760	0,54	-0,01	0,43
13,780	0,53	-6,69E-4	0,44
13,800	0,54	0,01	0,31
13,820	0,54	0,01	0,42
13,840	0,54	0,03	0,55
13,860	0,54	0,03	0,33
13,880	0,54	0,04	0,21
13,900	0,54	0,04	0,21
13,920	0,54	0,05	0,31
13,940	0,54	0,06	0,45
13,960	0,54	0,06	0,22
13,980	0,54	0,06	0,10
14,000	0,54	0,07	0,22
14,020	0,54	0,07	0,11
14,040	0,55	0,07	0,11
14,060	0,55	0,08	0,12
14,080	0,55	0,08	-0,01
14,100	0,55	0,08	0,11
14,120	0,55	0,08	0,12
14,140	0,55	0,08	-4,82E-14
14,160	0,56	0,08	0,00
14,180	0,56	0,08	0,01
14,200	0,56	0,08	-0,11
14,220	0,56	0,08	-0,12
14,240	0,56	0,08	0,13
14,260	0,56	0,08	-0,10
14,280	0,57	0,07	-0,23
14,300	0,57	0,07	0,01
14,320	0,57	0,07	-0,11
14,340	0,57	0,07	-0,10
14,360	0,57	0,07	-0,21
14,380	0,57	0,06	-0,35
14,400	0,57	0,06	7,57E-5
14,420	0,57	0,06	0,02
14,440	0,58	0,06	-0,22
14,460	0,58	0,05	-0,11
14,480	0,58	0,05	-0,10
14,500	0,58	0,05	-0,23
14,520	0,58	0,04	5,96E-5
14,540	0,58	0,05	0,01
14,560	0,58	0,04	-0,10
14,580	0,58	0,04	-0,21
14,600	0,58	0,03	-0,25
14,620	0,58	0,03	0,12
14,640	0,58	0,04	1,42
14,660	0,59	0,09	-0,01
14,680	0,59	0,04	-2,80
14,700	0,59	-0,02	-0,22
14,720	0,59	0,03	2,79
14,740	0,59	0,09	0,22
14,760	0,59	0,04	-1,28
14,780	0,59	0,04	0,11
14,800	0,59	0,04	-1,51
14,820	0,59	-0,02	1,17
14,840	0,59	0,09	3,02
14,860	0,60	0,10	-1,18
14,880	0,60	0,04	-1,30
14,900	0,60	0,05	0,21
14,920	0,60	0,05	0,22
14,940	0,60	0,06	0,11
14,960	0,60	0,06	0,10
14,980	0,60	0,06	0,23
15,000	0,60	0,06	-0,01
15,020	0,60	0,06	0,08
15,040	0,60	0,07	0,46
15,060	0,61	0,08	0,12
15,080	0,61	0,07	-0,02
15,100	0,61	0,08	0,23
15,120	0,61	0,08	-0,02
15,140	0,61	0,08	0,22
15,160	0,61	0,09	0,24
15,180	0,62	0,09	-0,13
15,200	0,62	0,09	0,10
15,220	0,62	0,09	0,21
15,240	0,62	0,09	0,24
15,260	0,62	0,10	-0,10
15,280	0,63	0,09	-0,22
15,300	0,63	0,09	-0,11
15,320	0,63	0,09	-0,11
15,340	0,63	0,09	-0,11
15,360	0,63	0,08	-0,09
15,380	0,63	0,08	-0,44
15,400	0,64	0,06	0,91
15,420	0,64	0,12	1,88
15,440	0,64	0,14	-1,24
15,460	0,64	0,07	-1,98
15,480	0,64	0,06	-0,21
15,500	0,64	0,06	-0,19
15,520	0,65	0,05	-0,44
15,540	0,65	0,04	-0,32
15,560	0,65	0,04	-0,32
15,580	0,65	0,03	-0,32
15,600	0,65	0,03	-0,30
15,620	0,65	0,02	-0,55
15,640	0,65	0,00	-0,44
15,660	0,65	8,11E-4	-0,30
15,680	0,65	-0,01	-0,54
15,700	0,65	-0,02	-0,54
15,720	0,65	-0,03	-0,54
15,740	0,65	-0,04	-0,55
15,760	0,65	-0,05	-0,42
15,780	0,65	-0,06	-0,43
15,800	0,64	-0,07	-1,71
15,820	0,64	-0,13	-2,06
15,840	0,64	-0,15	0,62
15,860	0,64	-0,10	1,01
15,880	0,64	-0,11	-0,78
15,900	0,63	-0,13	-0,45
15,920	0,63	-0,13	-0,16
15,940	0,63	-0,14	-0,88
15,960	0,62	-0,16	-0,68
15,980	0,62	-0,17	-0,22
16,000	0,62	-0,17	-0,21
16,020	0,61	-0,18	-0,31
16,040	0,61	-0,18	-0,43
16,060	0,61	-0,19	-0,34
16,080	0,60	-0,20	-1,52
16,100	0,60	-0,25	-1,60
16,120	0,59	-0,26	0,95
16,140	0,59	-0,22	1,29
16,160	0,58	-0,21	0,02
16,180	0,58	-0,21	-0,22
16,200	0,58	-0,22	-0,22
16,220	0,57	-0,22	-0,13
16,240	0,57	-0,22	0,11
16,260	0,56	-0,22	0,11
16,280	0,56	-0,22	0,11
16,300	0,55	-0,22	0,11
16,320	0,55	-0,22	0,09
16,340	0,54	-0,21	0,32
16,360	0,54	-0,20	0,32
16,380	0,54	-0,20	0,31
16,400	0,53	-0,19	0,44
16,420	0,53	-0,18	0,32
16,440	0,53	-0,18	0,31
16,460	0,52	-0,17	0,42
16,480	0,52	-0,16	0,53
16,500	0,52	-0,15	0,65
16,520	0,51	-0,13	0,65
16,540	0,51	-0,12	0,65
16,560	0,51	-0,11	0,54
16,580	0,51	-0,10	0,51
16,600	0,50	-0,09	0,85
16,620	0,50	-0,07	0,99
16,640	0,50	-0,05	0,65
16,660	0,50	-0,04	0,63
16,680	0,50	-0,02	0,87
16,700	0,50	-0,01	0,75
16,720	0,50	0,01	0,74
16,740	0,50	0,02	0,86
16,760	0,50	0,04	0,87
16,780	0,50	0,06	0,75
16,800	0,50	0,07	0,74
16,820	0,50	0,09	0,87
16,840	0,51	0,11	0,75
16,860	0,51	0,12	0,74
16,880	0,51	0,14	0,86
16,900	0,51	0,15	0,87
16,920	0,52	0,17	0,78
16,940	0,52	0,18	0,44
16,960	0,52	0,19	0,28
16,980	0,53	0,20	0,86
17,000	0,53	0,22	0,91
17,020	0,54	0,23	0,20
17,040	0,54	0,23	0,41
17,060	0,55	0,25	0,67
17,080	0,55	0,26	0,32
17,100	0,56	0,26	0,22
17,120	0,56	0,27	1,51
17,140	0,57	0,32	1,60
17,160	0,58	0,33	-1,09
17,180	0,58	0,28	-0,96
17,200	0,59	0,29	0,35
17,220	0,59	0,29	1,39E-13
17,240	0,60	0,29	-7,17E-13
17,260	0,60	0,29	-7,17E-13
17,280	0,61	0,29	0,04
17,300	0,62	0,29	-0,42
17,320	0,62	0,28	-0,67
17,340	0,63	0,27	0,98
17,360	0,63	0,31	1,10
17,380	0,64	0,31	-1,71
17,400	0,64	0,25	-1,93
17,420	0,65	0,23	-0,64
17,440	0,65	0,22	-0,64
17,460	0,66	0,21	-0,64
17,480	0,66	0,19	-0,64
17,500	0,67	0,18	-0,65
17,520	0,67	0,17	-0,53
17,540	0,67	0,16	-0,61
17,560	0,68	0,14	-0,98
17,580	0,68	0,12	-0,88
17,600	0,68	0,11	-0,63
17,620	0,68	0,10	-0,74
17,640	0,68	0,08	-0,86
17,660	0,69	0,06	-0,86
17,680	0,69	0,04	-0,86
17,700	0,69	0,03	-0,86
17,720	0,69	0,01	-0,86
17,740	0,69	-0,01	-0,87
17,760	0,69	-0,02	-0,75
17,780	0,69	-0,04	-0,74
17,800	0,69	-0,05	-0,86
17,820	0,68	-0,07	-0,87
17,840	0,68	-0,09	-0,75
17,860	0,68	-0,10	-0,74
17,880	0,68	-0,12	-0,88
17,900	0,68	-0,14	-0,66
17,920	0,67	-0,15	-0,53
17,940	0,67	-0,16	-0,65
17,960	0,67	-0,17	-0,66
17,980	0,66	-0,18	-0,54
18,000	0,66	-0,19	-0,42
18,020	0,66	-0,20	-1,82
18,040	0,65	-0,27	-2,17
18,060	0,65	-0,29	0,50
18,080	0,64	-0,25	1,07
18,100	0,64	-0,24	-0,10
18,120	0,63	-0,25	-0,21
18,140	0,63	-0,25	-0,33
18,160	0,62	-0,26	-0,23
18,180	0,62	-0,26	-6,94E-14
18,200	0,61	-0,26	0,10
18,220	0,60	-0,26	-1,18
18,240	0,60	-0,31	-1,42
18,260	0,59	-0,32	1,51
18,280	0,59	-0,25	1,64
18,300	0,58	-0,25	-0,03
18,320	0,58	-0,25	0,30
18,340	0,57	-0,24	0,57
18,360	0,57	-0,23	0,22
18,380	0,56	-0,23	0,19
18,400	0,56	-0,22	0,54
18,420	0,55	-0,21	0,54
18,440	0,55	-0,20	0,55
18,460	0,55	-0,19	0,44
18,480	0,54	-0,18	0,30
18,500	0,54	-0,17	0,63
18,520	0,54	-0,16	0,88
18,540	0,53	-0,14	0,67
18,560	0,53	-0,13	0,30
18,580	0,53	-0,13	0,63
18,600	0,53	-0,10	0,89
18,620	0,52	-0,09	0,53
18,640	0,52	-0,08	0,65
18,660	0,52	-0,07	0,65
18,680	0,52	-0,06	0,52
18,700	0,52	-0,04	0,75
18,720	0,52	-0,03	0,76
18,740	0,52	-0,01	0,65
18,760	0,52	-9,69E-4	0,65
18,780	0,52	0,01	0,53
18,800	0,52	0,02	0,64
18,820	0,52	0,04	0,78
18,840	0,52	0,05	0,31
18,860	0,52	0,05	0,41
18,880	0,52	0,07	0,78
18,900	0,52	0,08	0,44
18,920	0,52	0,09	0,31
18,940	0,53	0,09	0,42
18,960	0,53	0,10	0,55
18,980	0,53	0,12	0,34
19,000	0,53	0,12	0,08
19,020	0,53	0,12	0,42
19,040	0,54	0,13	0,56
19,060	0,54	0,14	0,24
19,080	0,54	0,14	-0,11
19,100	0,55	0,14	-0,13
19,120	0,55	0,14	0,20
19,140	0,55	0,15	0,35
19,160	0,55	0,15	1,42
19,180	0,56	0,20	1,37
19,200	0,56	0,21	-2,68
19,220	0,57	0,09	-1,60
19,240	0,57	0,14	2,67
19,260	0,57	0,20	0,23
19,280	0,57	0,15	-1,48
19,300	0,58	0,14	-0,46
19,320	0,58	0,13	-0,13
19,340	0,58	0,14	0,15
19,360	0,59	0,14	-0,44
19,380	0,59	0,12	-0,36
19,400	0,59	0,12	0,14
19,420	0,59	0,13	-0,33
19,440	0,60	0,11	-0,21
19,460	0,60	0,12	-0,30
19,480	0,60	0,10	-0,57
19,500	0,60	0,09	-0,09
19,520	0,60	0,10	-0,32
19,540	0,61	0,08	-0,32
19,560	0,61	0,08	-0,33
19,580	0,61	0,07	-0,22
19,600	0,61	0,07	-0,06
19,620	0,61	0,07	-0,67
19,640	0,61	0,05	-0,35
19,660	0,61	0,05	0,04
19,680	0,61	0,05	-0,42
19,700	0,62	0,04	-0,58
19,720	0,62	0,03	-0,12
19,740	0,62	0,03	0,03
19,760	0,62	0,03	-0,34
19,780	0,62	0,02	-0,13
19,800	0,62	0,02	0,14
19,820	0,62	0,02	-0,21
19,840	0,62	0,01	-0,33
19,860	0,62	0,01	-0,21
19,880	0,62	0,00	-0,22
19,900	0,62	0,00	-0,12
19,920	0,62	0,00	0,00
19,940	0,62	0,00	0,01
19,960	0,62	3,87E-4	-0,11
19,980	0,62	0,00	-0,13
20,000	0,62	0,00	0,12
20,020	0,62	3,87E-4	0,01
20,040	0,62	0,00	-0,13
20,060	0,62	0,00	0,11
20,080	0,62	0,00	0,12
20,100	0,62	0,00	0,00
20,120	0,62	0,00	-0,01
20,140	0,62	-3,87E-4	0,12
20,160	0,62	0,00	4,83E-7
20,180	0,62	-3,87E-4	-0,02
20,200	0,62	0,00	0,23
20,220	0,62	0,01	-4,89E-6
20,240	0,62	0,00	1,12E-5
20,260	0,62	0,01	0,01
20,280	0,62	0,00	-0,13
20,300	0,62	0,00	0,10
20,320	0,62	0,01	0,21
20,340	0,62	0,01	0,23
20,360	0,62	0,02	0,02
20,380	0,62	0,01	-0,22
20,400	0,62	0,01	-0,12
20,420	0,62	0,01	5,03E-14
20,440	0,62	0,01	1,91E-14
20,460	0,62	0,01	1,91E-14
20,480	0,62	0,01	0,00
20,500	0,62	0,01	0,01
20,520	0,62	0,01	-0,10
20,540	0,62	0,00	-0,22
20,560	0,62	0,00	-0,13
20,580	0,62	-3,89E-4	0,13
20,600	0,62	0,01	-0,07
20,620	0,62	0,00	-0,57
20,640	0,62	-0,02	-0,24
20,660	0,62	-0,01	0,13
20,680	0,62	-0,01	-0,10
20,700	0,62	-0,02	-0,22
20,720	0,62	-0,02	-0,20
20,740	0,62	-0,02	-0,40
20,760	0,62	-0,04	-0,78
20,780	0,62	-0,06	-0,48
20,800	0,62	-0,06	0,12
20,820	0,62	-0,05	0,03
20,840	0,62	-0,06	-0,30
20,860	0,61	-0,06	-0,54
20,880	0,61	-0,08	-0,57
20,900	0,61	-0,09	-0,22
20,920	0,61	-0,09	-0,22
20,940	0,61	-0,09	-0,22
20,960	0,61	-0,09	-0,18
20,980	0,60	-0,10	-0,67
21,000	0,60	-0,12	-0,34
21,020	0,60	-0,12	-0,09
21,040	0,60	-0,12	-0,35
21,060	0,59	-0,13	0,02
21,080	0,59	-0,12	-0,18
21,100	0,59	-0,14	-0,67
21,120	0,59	-0,15	-0,37
21,140	0,58	-0,15	0,22
21,160	0,58	-0,14	0,13
21,180	0,58	-0,15	-0,22
21,200	0,57	-0,15	-0,21
21,220	0,57	-0,15	-0,23
21,240	0,57	-0,16	-1,65
21,260	0,56	-0,22	-0,01
21,280	0,56	-0,16	3,24
21,300	0,56	-0,09	-1,18
21,320	0,56	-0,21	-2,91
21,340	0,55	-0,21	1,51
21,360	0,55	-0,15	1,50
21,380	0,54	-0,15	0,10
21,400	0,54	-0,14	0,22
21,420	0,54	-0,14	0,21
21,440	0,54	-0,13	0,32
21,460	0,53	-0,13	0,32
21,480	0,53	-0,12	0,31
21,500	0,53	-0,11	0,55
21,520	0,53	-0,10	0,44
21,540	0,52	-0,10	0,31
21,560	0,52	-0,09	0,54
21,580	0,52	-0,07	0,55
21,600	0,52	-0,07	0,42
21,620	0,52	-0,06	0,53
21,640	0,52	-0,04	0,65
21,660	0,52	-0,03	0,65
21,680	0,52	-0,02	0,65
21,700	0,52	-0,01	0,65
21,720	0,52	0,01	0,64
21,740	0,52	0,02	0,64
21,760	0,52	0,03	0,64
21,780	0,52	0,05	0,64
21,800	0,52	0,06	0,64
21,820	0,52	0,07	0,75
21,840	0,52	0,09	0,77
21,860	0,52	0,10	0,53
21,880	0,53	0,11	0,64
21,900	0,53	0,13	0,77
21,920	0,53	0,14	0,54
21,940	0,53	0,15	0,54
21,960	0,54	0,16	0,55
21,980	0,54	0,17	0,42
22,000	0,54	0,18	0,53
22,020	0,55	0,19	0,65
22,040	0,55	0,21	0,55
22,060	0,56	0,21	0,31
22,080	0,56	0,22	0,43
22,100	0,56	0,23	0,45
22,120	0,57	0,24	0,21
22,140	0,57	0,24	0,22
22,160	0,58	0,24	-0,01
22,180	0,58	0,24	1,50
22,200	0,59	0,31	1,73
22,220	0,60	0,31	-1,20
22,240	0,60	0,26	-1,05
22,260	0,61	0,27	0,03
22,280	0,61	0,26	-0,35
22,300	0,62	0,25	0,01
22,320	0,62	0,26	-0,07
22,340	0,63	0,25	-0,58
22,360	0,63	0,24	-0,12
22,380	0,64	0,25	-0,05
22,400	0,64	0,23	0,54
22,420	0,65	0,27	0,76
22,440	0,65	0,26	-1,83
22,460	0,66	0,19	-1,95
22,480	0,66	0,19	-0,53
22,500	0,66	0,17	-0,65
22,520	0,67	0,16	-0,54
22,540	0,67	0,15	-0,53
22,560	0,67	0,14	-0,63
22,580	0,68	0,13	-0,75
22,600	0,68	0,11	-0,75
22,620	0,68	0,10	-0,73
22,640	0,68	0,08	-0,99
22,660	0,68	0,06	-0,77
22,680	0,68	0,05	-0,51
22,700	0,68	0,04	-0,85
22,720	0,69	0,01	-0,98
22,740	0,69	0,00	-0,86
22,760	0,69	-0,02	-0,87
22,780	0,68	-0,04	-0,75
22,800	0,68	-0,05	-0,74
22,820	0,68	-0,07	-0,86
22,840	0,68	-0,08	-0,87
22,860	0,68	-0,10	-0,76
22,880	0,68	-0,11	-0,65
22,900	0,67	-0,13	-0,64
22,920	0,67	-0,14	-0,75
22,940	0,67	-0,16	-0,77
22,960	0,67	-0,17	-0,54
22,980	0,66	-0,18	-0,53
23,000	0,66	-0,19	-0,64
23,020	0,65	-0,20	-0,76
23,040	0,65	-0,22	-0,56
23,060	0,65	-0,23	-1,60
23,080	0,64	-0,29	-1,96
23,100	0,63	-0,31	0,87
23,120	0,63	-0,25	0,87
23,140	0,62	-0,27	-0,58
23,160	0,62	-0,28	-0,10
23,180	0,61	-0,27	-0,24
23,200	0,61	-0,29	0,11
23,220	0,60	-0,27	0,13
23,240	0,60	-0,28	-0,14
23,260	0,59	-0,28	0,34
23,280	0,59	-0,27	0,22
23,300	0,58	-0,27	-1,31
23,320	0,57	-0,32	0,21
23,340	0,57	-0,26	1,82
23,360	0,56	-0,25	-0,96
23,380	0,56	-0,30	0,22
23,400	0,55	-0,24	1,70
23,420	0,55	-0,23	0,54
23,440	0,54	-0,22	0,56
23,460	0,54	-0,21	0,31
23,480	0,53	-0,20	0,41
23,500	0,53	-0,19	0,75
23,520	0,53	-0,17	0,77
23,540	0,52	-0,16	0,54
23,560	0,52	-0,15	0,52
23,580	0,52	-0,14	0,75
23,600	0,52	-0,12	0,76
23,620	0,51	-0,11	0,64
23,640	0,51	-0,10	0,75
23,660	0,51	-0,08	0,87
23,680	0,51	-0,06	0,75
23,700	0,51	-0,05	0,74
23,720	0,51	-0,03	0,87
23,740	0,51	-0,01	0,76
23,760	0,51	-9,48E-4	0,64
23,780	0,51	0,01	0,74
23,800	0,51	0,03	0,88
23,820	0,51	0,05	0,64
23,840	0,51	0,05	0,64
23,860	0,51	0,07	0,77
23,880	0,51	0,09	0,53
23,900	0,51	0,09	0,64
23,920	0,51	0,11	0,78
23,940	0,52	0,12	0,44
23,960	0,52	0,13	0,31
23,980	0,52	0,14	0,54
24,000	0,52	0,15	0,54
24,020	0,53	0,16	0,43
24,040	0,53	0,17	0,44
24,060	0,53	0,18	0,33
24,080	0,54	0,18	0,21
24,100	0,54	0,18	0,32
24,120	0,55	0,19	0,35
24,140	0,55	0,20	-2,41E-4
24,160	0,55	0,19	-0,02
24,180	0,56	0,20	0,22
24,200	0,56	0,20	0,12
24,220	0,57	0,20	-5,18E-13
24,240	0,57	0,20	5,18E-13
24,260	0,57	0,20	0,01
24,280	0,58	0,20	-0,10
24,300	0,58	0,20	-0,32
24,320	0,59	0,19	0,96
24,340	0,59	0,24	1,28
24,360	0,59	0,24	-1,27
24,380	0,60	0,19	-1,61
24,400	0,60	0,18	-0,33
24,420	0,61	0,17	-0,21
24,440	0,61	0,17	-0,30
24,460	0,61	0,16	-0,54
24,480	0,62	0,15	-0,57
24,500	0,62	0,14	-0,20
24,520	0,62	0,14	-0,30
24,540	0,62	0,13	-0,56
24,560	0,63	0,12	-0,28
24,580	0,63	0,11	-0,76
24,600	0,63	0,09	-0,69
24,620	0,63	0,09	-0,05
24,640	0,63	0,08	-0,77
24,660	0,64	0,06	-0,59
24,680	0,64	0,06	0,05
24,700	0,64	0,06	-0,53
24,720	0,64	0,04	-0,65
24,740	0,64	0,03	-0,53
24,760	0,64	0,02	-0,66
24,780	0,64	0,00	-0,46
24,800	0,64	0,00	-0,11
24,820	0,64	4,00E-4	-0,10
24,840	0,64	0,00	-0,20
24,860	0,64	-0,01	-0,41
24,880	0,64	-0,02	-0,68
24,900	0,64	-0,03	-0,33
24,920	0,64	-0,03	-0,21
24,940	0,64	-0,04	-0,33
24,960	0,64	-0,05	-0,21
24,980	0,64	-0,05	-0,34
25,000	0,63	-0,06	-0,12
25,020	0,63	-0,06	0,03
25,040	0,63	-0,06	-0,33
25,060	0,63	-0,07	-0,23
25,080	0,63	-0,07	0,01
25,100	0,63	-0,07	-0,12
25,120	0,63	-0,07	-8,55E-5
25,140	0,63	-0,07	0,02
25,160	0,62	-0,07	-0,24
25,180	0,62	-0,08	0,12
25,200	0,62	-0,07	1,96E-4
25,220	0,62	-0,08	-0,01
25,240	0,62	-0,07	0,14
25,260	0,62	-0,07	-0,26
25,280	0,62	-0,08	0,34
25,300	0,61	-0,06	0,14
25,320	0,61	-0,07	-0,26
25,340	0,61	-0,07	0,34
25,360	0,61	-0,06	0,11
25,380	0,61	-0,07	0,09
25,400	0,61	-0,06	0,34
25,420	0,61	-0,05	0,11
25,440	0,61	-0,05	0,12
25,460	0,60	-0,05	0,01
25,480	0,60	-0,05	-0,15
25,500	0,60	-0,05	0,43
25,520	0,60	-0,03	0,49
25,540	0,60	-0,03	-0,22
25,560	0,60	-0,04	-0,24
25,580	0,60	-0,04	0,09
25,600	0,60	-0,04	0,33
25,620	0,60	-0,03	0,23
25,640	0,60	-0,03	0,01
25,660	0,60	-0,03	0,00
25,680	0,60	-0,03	-1,43
25,700	0,59	-0,09	-1,29
25,720	0,59	-0,08	1,31
25,740	0,59	-0,03	2,46
25,760	0,59	0,02	1,60
25,780	0,59	0,03	-2,34
25,800	0,59	-0,08	-3,00
25,820	0,59	-0,09	0,94
25,840	0,59	-0,04	1,39
25,860	0,59	-0,03	0,13
25,880	0,59	-0,03	-0,09
25,900	0,59	-0,04	-0,32
25,920	0,59	-0,05	-0,35
25,940	0,58	-0,05	-0,01
25,960	0,58	-0,05	0,13
25,980	0,58	-0,05	-0,21
26,000	0,58	-0,06	-0,34
26,020	0,58	-0,06	-0,12
26,040	0,58	-0,06	0,01
26,060	0,58	-0,06	-0,10
26,080	0,58	-0,06	-0,22
26,100	0,58	-0,07	-0,11
26,120	0,57	-0,07	-0,10
26,140	0,57	-0,07	-0,22
26,160	0,57	-0,08	-0,12
26,180	0,57	-0,08	0,01
26,200	0,57	-0,08	-0,10
26,220	0,57	-0,08	-0,23
26,240	0,56	-0,09	-0,01
26,260	0,56	-0,08	0,13
26,280	0,56	-0,08	-0,11
26,300	0,56	-0,09	-0,12
26,320	0,56	-0,09	-0,01
26,340	0,56	-0,09	0,11
26,360	0,55	-0,08	0,12
26,380	0,55	-0,08	-0,01
26,400	0,55	-0,08	0,11
26,420	0,55	-0,08	0,11
26,440	0,55	-0,08	0,10
26,460	0,55	-0,07	0,22
26,480	0,55	-0,07	0,21
26,500	0,54	-0,07	0,33
26,520	0,54	-0,06	0,23
26,540	0,54	-0,06	-0,03
26,560	0,54	-0,06	0,30
26,580	0,54	-0,04	0,66
26,600	0,54	-0,03	0,46
26,620	0,54	-0,03	0,11
26,640	0,54	-0,03	0,08
26,660	0,54	-0,02	0,41
26,680	0,54	-0,01	0,65
26,700	0,54	0,00	0,55
26,720	0,54	0,01	0,43
26,740	0,54	0,02	0,44
26,760	0,54	0,03	0,32
26,780	0,54	0,03	0,30
26,800	0,54	0,04	0,64
26,820	0,54	0,06	0,66
26,840	0,54	0,07	0,43
26,860	0,54	0,08	0,43
26,880	0,54	0,09	0,42
26,900	0,55	0,09	0,54
26,920	0,55	0,11	0,45
26,940	0,55	0,11	1,71
26,960	0,55	0,18	0,62
26,980	0,56	0,14	-2,13
27,000	0,56	0,09	0,24
27,020	0,56	0,15	2,89
27,040	0,56	0,21	1,81
27,060	0,57	0,22	-0,75
27,080	0,57	0,18	-0,84
27,100	0,58	0,18	0,32
27,120	0,58	0,19	0,33
27,140	0,58	0,20	0,23
27,160	0,59	0,20	-0,03
27,180	0,59	0,20	0,33
27,200	0,60	0,21	0,25
27,220	0,60	0,21	-0,24
27,240	0,60	0,20	0,09
27,260	0,61	0,21	0,35
27,280	0,61	0,22	0,02
27,300	0,62	0,21	-0,22
27,320	0,62	0,21	-0,13
27,340	0,63	0,21	0,12
27,360	0,63	0,21	0,04
27,380	0,63	0,21	-0,53
27,400	0,64	0,19	0,63
27,420	0,64	0,23	1,08
27,440	0,65	0,23	-1,47
27,460	0,65	0,17	-1,94
27,480	0,65	0,16	-0,67
27,500	0,66	0,15	-0,32
27,520	0,66	0,14	-0,29
27,540	0,66	0,13	-0,63
27,560	0,67	0,12	-0,77
27,580	0,67	0,10	-0,54
27,600	0,67	0,10	-0,53
27,620	0,67	0,08	-0,64
27,640	0,67	0,07	-0,64
27,660	0,67	0,06	-0,63
27,680	0,67	0,04	-0,75
27,700	0,68	0,03	-0,76
27,720	0,68	0,01	-0,63
27,740	0,68	0,00	-0,75
27,760	0,68	-0,02	-0,75
27,780	0,68	-0,03	-0,75
27,800	0,67	-0,05	-0,76
27,820	0,67	-0,06	-0,63
27,840	0,67	-0,07	-0,75
27,860	0,67	-0,09	-0,75
27,880	0,67	-0,10	-0,75
27,900	0,67	-0,12	-0,77
27,920	0,66	-0,13	-0,54
27,940	0,66	-0,14	-0,40
27,960	0,66	-0,15	-1,94
27,980	0,66	-0,22	-2,18
28,000	0,65	-0,24	0,65
28,020	0,65	-0,19	0,68
28,040	0,64	-0,21	-1,00
28,060	0,64	-0,23	-0,73
28,080	0,63	-0,24	0,24
28,100	0,63	-0,22	-0,03
28,120	0,62	-0,24	-1,02
28,140	0,62	-0,26	-0,47
28,160	0,61	-0,26	0,12
28,180	0,61	-0,26	-1,52
28,200	0,60	-0,32	-0,11
28,220	0,60	-0,26	1,40
28,240	0,59	-0,26	-1,41
28,260	0,59	-0,32	0,01
28,280	0,58	-0,26	1,39
28,300	0,57	-0,26	0,10
28,320	0,57	-0,26	0,22
28,340	0,56	-0,25	0,22
28,360	0,56	-0,25	0,21
28,380	0,55	-0,25	0,31
28,400	0,55	-0,24	0,44
28,420	0,54	-0,23	0,31
28,440	0,54	-0,22	0,41
28,460	0,54	-0,21	0,66
28,480	0,53	-0,20	0,43
28,500	0,53	-0,19	0,41
28,520	0,52	-0,18	0,76
28,540	0,52	-0,16	0,65
28,560	0,52	-0,16	0,52
28,580	0,51	-0,14	0,75
28,600	0,51	-0,13	0,76
28,620	0,51	-0,11	0,64
28,640	0,51	-0,10	0,75
28,660	0,51	-0,08	0,87
28,680	0,50	-0,07	0,75
28,700	0,50	-0,05	0,74
28,720	0,50	-0,04	0,86
28,740	0,50	-0,02	0,87
28,760	0,50	-9,40E-4	0,75
28,780	0,50	0,01	0,74
28,800	0,50	0,03	0,87
28,820	0,50	0,05	0,75
28,840	0,50	0,06	0,75
28,860	0,50	0,08	0,76
28,880	0,51	0,09	0,64
28,900	0,51	0,10	0,75
28,920	0,51	0,12	0,76
28,940	0,51	0,13	0,64
28,960	0,52	0,15	0,65
28,980	0,52	0,16	0,54
29,000	0,52	0,17	0,43
29,020	0,53	0,18	0,42
29,040	0,53	0,18	0,54
29,060	0,53	0,20	0,55
29,080	0,54	0,21	0,33
29,100	0,54	0,21	0,21
29,120	0,55	0,21	0,21
29,140	0,55	0,22	0,11
29,160	0,55	0,22	1,50
29,180	0,56	0,28	1,72
29,200	0,57	0,29	-1,18
29,220	0,57	0,23	-1,30
29,240	0,57	0,24	0,23
29,260	0,58	0,24	0,02
29,280	0,58	0,24	-0,22
29,300	0,59	0,23	-0,12
29,320	0,59	0,23	0,01
29,340	0,60	0,23	-0,11
29,360	0,60	0,23	-0,11
29,380	0,61	0,23	-0,08
29,400	0,61	0,22	-0,41
29,420	0,62	0,21	-0,65
29,440	0,62	0,20	-0,55
29,460	0,62	0,19	-0,42
29,480	0,63	0,18	-0,54
29,500	0,63	0,17	-0,53
29,520	0,63	0,16	-0,64
29,540	0,64	0,14	-0,79
29,560	0,64	0,13	1,11
29,580	0,64	0,19	-0,40
29,600	0,65	0,11	-2,30
29,620	0,65	0,09	0,88
29,640	0,65	0,15	-0,41
29,660	0,65	0,08	-2,06
29,680	0,65	0,07	-0,64
29,700	0,66	0,05	-0,54
29,720	0,66	0,04	-1,71
29,740	0,66	-0,02	-2,04
29,760	0,66	-0,04	0,28
29,780	0,66	0,00	2,27
29,800	0,66	0,05	-0,06
29,820	0,66	-0,01	-3,49
29,840	0,66	-0,09	0,74
29,860	0,66	0,02	1,12
29,880	0,66	-0,04	-1,95
29,900	0,65	-0,06	-0,43
29,920	0,65	-0,06	-1,82
29,940	0,65	-0,13	-0,80
29,960	0,65	-0,09	1,08
29,980	0,65	-0,08	-0,17
30,000	0,65	-0,10	-0,70
30,020	0,64	-0,11	-0,10
30,040	0,64	-0,10	-0,21
30,060	0,64	-0,12	-0,24
30,080	0,64	-0,11	0,08
30,100	0,63	-0,12	-0,90
30,120	0,63	-0,15	-0,51
30,140	0,63	-0,14	0,46
30,160	0,63	-0,13	0,14
30,180	0,62	-0,13	-0,22
30,200	0,62	-0,14	-0,12
30,220	0,62	-0,14	1,67E-13
30,240	0,62	-0,14	-0,01
30,260	0,61	-0,14	0,11
30,280	0,61	-0,13	0,13
30,300	0,61	-0,13	-0,14
30,320	0,60	-0,14	0,20
30,340	0,60	-0,13	0,47
30,360	0,60	-0,12	-0,01
30,380	0,60	-0,13	0,09
30,400	0,59	-0,12	0,32
30,420	0,59	-0,11	0,33
30,440	0,59	-0,10	0,22
30,460	0,59	-0,10	0,20
30,480	0,59	-0,10	0,45
30,500	0,58	-0,09	0,22
30,520	0,58	-0,09	0,10
30,540	0,58	-0,08	0,22
30,560	0,58	-0,08	0,22
30,580	0,58	-0,07	0,20
30,600	0,58	-0,07	0,44
30,620	0,58	-0,06	0,33
30,640	0,57	-0,06	0,20
30,660	0,57	-0,05	0,46
30,680	0,57	-0,04	0,12
30,700	0,57	-0,04	-0,03
30,720	0,57	-0,04	0,32
30,740	0,57	-0,03	0,34
30,760	0,57	-0,03	0,11
30,780	0,57	-0,03	0,09
30,800	0,57	-0,02	0,32
30,820	0,57	-0,01	0,35
30,840	0,57	-0,01	1,66E-5
30,860	0,57	-0,01	-0,02
30,880	0,57	-0,01	0,22
30,900	0,57	0,00	0,12
30,920	0,57	0,00	-5,98E-14
30,940	0,57	0,00	-0,01
30,960	0,57	0,00	0,11
30,980	0,57	0,00	0,12
31,000	0,57	0,00	0,00
31,020	0,57	0,00	0,00
31,040	0,57	0,00	0,00
31,060	0,57	0,00	0,10
31,080	0,57	0,00	-1,18
31,100	0,57	-0,05	-1,37
31,120	0,57	-0,05	1,08
31,140	0,57	0,00	1,05
31,160	0,56	-0,01	-0,01
31,180	0,56	0,00	0,13
31,200	0,56	0,00	-0,11
31,220	0,56	-0,01	-0,12
31,240	0,56	-0,01	0,01
31,260	0,56	-0,01	-0,11
31,280	0,56	-0,01	-0,12
31,300	0,56	-0,01	-6,94E-14
31,320	0,56	-0,01	-6,94E-14
31,340	0,56	-0,01	0,01
31,360	0,56	-0,01	-0,11
31,380	0,56	-0,02	-0,12
31,400	0,56	-0,02	-3,11E-14
31,420	0,56	-0,02	-1,08E-13
31,440	0,56	-0,02	3,11E-14
31,460	0,56	-0,02	-0,01
31,480	0,56	-0,02	0,10
31,500	0,56	-0,01	0,23
31,520	0,56	-0,01	0,01
31,540	0,56	-0,01	-0,13
31,560	0,56	-0,01	0,11
31,580	0,56	-0,01	0,15
31,600	0,56	-0,01	-0,48
31,620	0,56	-0,03	0,14
31,640	0,56	0,00	1,26
31,660	0,56	0,02	0,24
31,680	0,56	0,01	0,43
31,700	0,56	0,04	-7,20
31,720	0,56	-0,28	-1,13
31,740	0,55	-0,01	14,95
31,760	0,56	0,32	0,88
31,780	0,56	0,03	-7,10
31,800	0,56	0,03	0,21
31,820	0,56	0,04	0,32
31,840	0,56	0,05	0,33
31,860	0,56	0,05	0,21
31,880	0,57	0,06	0,31
31,900	0,57	0,06	0,44
31,920	0,57	0,07	0,34
31,940	0,57	0,08	0,10
31,960	0,57	0,08	0,20
31,980	0,57	0,09	0,43
32,000	0,57	0,09	0,44
32,020	0,58	0,10	0,33
32,040	0,58	0,11	0,21
32,060	0,58	0,11	0,21
32,080	0,58	0,12	0,21
32,100	0,59	0,12	0,32
32,120	0,59	0,13	0,34
32,140	0,59	0,13	0,00
32,160	0,59	0,13	1,27
32,180	0,60	0,18	1,72
32,200	0,60	0,20	-0,95
32,220	0,60	0,15	-1,29
32,240	0,61	0,15	0,10
32,260	0,61	0,15	0,22
32,280	0,61	0,15	0,12
32,300	0,62	0,15	0,01
32,320	0,62	0,16	-0,12
32,340	0,62	0,15	-0,03
32,360	0,62	0,15	0,36
32,380	0,63	0,16	-0,05
32,400	0,63	0,15	-0,78
32,420	0,63	0,13	-0,46
32,440	0,64	0,13	-0,07
32,460	0,64	0,13	-0,70
32,480	0,64	0,11	1,29
32,500	0,64	0,18	0,18
32,520	0,65	0,11	-2,22
32,540	0,65	0,09	1,22
32,560	0,65	0,16	-0,29
32,580	0,65	0,08	-2,08
32,600	0,66	0,08	-0,42
32,620	0,66	0,07	-0,56
32,640	0,66	0,06	-0,30
32,660	0,66	0,05	-0,51
32,680	0,66	0,04	-0,88
32,700	0,66	0,02	-0,67
32,720	0,66	0,01	-0,42
32,740	0,66	0,00	-0,54
32,760	0,66	-0,01	-0,54
32,780	0,66	-0,02	-0,49
32,800	0,66	-0,03	-1,12
32,820	0,66	-0,06	-0,73
32,840	0,66	-0,06	0,46
32,860	0,66	-0,05	-2,48
32,880	0,66	-0,16	-1,55
32,900	0,65	-0,11	2,98
32,920	0,65	-0,04	-0,28
32,940	0,65	-0,12	-2,18
32,960	0,65	-0,13	-0,52
32,980	0,64	-0,14	-2,06
33,000	0,64	-0,21	-2,07
33,020	0,64	-0,22	0,76
33,040	0,63	-0,18	0,76
33,060	0,63	-0,19	-0,67
33,080	0,62	-0,21	-0,48
33,100	0,62	-0,21	0,15
33,120	0,62	-0,20	-0,27
33,140	0,61	-0,22	-1,03
33,160	0,61	-0,24	-0,37
33,180	0,60	-0,24	0,22
33,200	0,60	-0,23	0,14
33,220	0,59	-0,23	-0,11
33,240	0,59	-0,24	-1,43
33,260	0,58	-0,29	-1,28
33,280	0,58	-0,29	1,30
33,300	0,57	-0,24	1,27
33,320	0,57	-0,24	0,10
33,340	0,56	-0,23	0,22
33,360	0,56	-0,23	0,22
33,380	0,55	-0,22	0,22
33,400	0,55	-0,22	0,22
33,420	0,55	-0,22	0,20
33,440	0,54	-0,21	0,42
33,460	0,54	-0,20	0,55
33,480	0,53	-0,19	0,42
33,500	0,53	-0,18	0,54
33,520	0,53	-0,17	0,55
33,540	0,52	-0,16	0,42
33,560	0,52	-0,15	0,52
33,580	0,52	-0,14	0,75
33,600	0,51	-0,12	0,77
33,620	0,51	-0,11	0,53
33,640	0,51	-0,10	0,63
33,660	0,51	-0,08	0,87
33,680	0,51	-0,07	0,75
33,700	0,50	-0,05	0,75
33,720	0,50	-0,04	0,76
33,740	0,50	-0,02	0,64
33,760	0,50	-0,01	0,74
33,780	0,50	0,01	0,86
33,800	0,50	0,02	0,87
33,820	0,50	0,04	0,75
33,840	0,51	0,05	0,75
33,860	0,51	0,07	0,76
33,880	0,51	0,09	0,64
33,900	0,51	0,10	0,75
33,920	0,51	0,12	0,76
33,940	0,51	0,13	0,64
33,960	0,52	0,14	0,64
33,980	0,52	0,15	0,64
34,000	0,52	0,17	0,65
34,020	0,53	0,18	0,54
34,040	0,53	0,19	0,43
34,060	0,53	0,20	0,43
34,080	0,54	0,21	0,43
34,100	0,54	0,21	0,44
34,120	0,55	0,22	0,32
34,140	0,55	0,23	0,32
34,160	0,56	0,24	0,33
34,180	0,56	0,24	0,21
34,200	0,57	0,24	0,22
34,220	0,57	0,25	0,01
34,240	0,58	0,24	1,28
34,260	0,58	0,30	1,62
34,280	0,59	0,31	-1,28
34,300	0,59	0,25	-1,53
34,320	0,60	0,25	0,24
34,340	0,60	0,26	-0,08
34,360	0,61	0,25	-0,45
34,380	0,61	0,24	-0,21
34,400	0,62	0,24	-0,21
34,420	0,62	0,23	-0,18
34,440	0,63	0,23	-0,64
34,460	0,63	0,21	0,53
34,480	0,64	0,25	0,87
34,500	0,64	0,24	-1,84
34,520	0,64	0,18	-1,83
34,540	0,65	0,17	-0,53
34,560	0,65	0,16	-0,65
34,580	0,65	0,14	-0,53
34,600	0,66	0,13	-0,62
34,620	0,66	0,12	-0,88
34,640	0,66	0,10	-0,65
34,660	0,66	0,09	-0,52
34,680	0,67	0,08	-0,74
34,700	0,67	0,06	-0,87
34,720	0,67	0,04	-0,77
34,740	0,67	0,03	-0,54
34,760	0,67	0,02	-0,52
34,780	0,67	0,01	-0,75
34,800	0,67	-0,01	-0,77
34,820	0,67	-0,02	-0,54
34,840	0,67	-0,03	-0,52
34,860	0,67	-0,04	-0,75
34,880	0,67	-0,06	-0,77
34,900	0,67	-0,07	-0,55
34,920	0,66	-0,08	-0,42
34,940	0,66	-0,09	-0,53
34,960	0,66	-0,10	-0,66
34,980	0,66	-0,12	-0,55
35,000	0,66	-0,12	-0,43
35,020	0,65	-0,13	-0,43
35,040	0,65	-0,14	-0,43
35,060	0,65	-0,15	-0,32
35,080	0,64	-0,15	-1,61
35,100	0,64	-0,21	-1,83
35,120	0,64	-0,23	0,74
35,140	0,63	-0,18	0,94
35,160	0,63	-0,19	-0,02
35,180	0,63	-0,19	0,24
35,200	0,62	-0,18	-0,09
35,220	0,62	-0,19	-0,35
35,240	0,61	-0,19	-0,01
35,260	0,61	-0,19	0,11
35,280	0,61	-0,19	0,10
35,300	0,60	-0,19	0,22
35,320	0,60	-0,18	0,10
35,340	0,60	-0,18	0,31
35,360	0,59	-0,17	-0,84
35,380	0,59	-0,22	-1,29
35,400	0,58	-0,22	1,39
35,420	0,58	-0,16	1,62
35,440	0,58	-0,16	0,21
35,460	0,57	-0,15	0,31
35,480	0,57	-0,14	0,43
35,500	0,57	-0,13	0,43
35,520	0,57	-0,13	0,44
35,540	0,56	-0,12	0,32
35,560	0,56	-0,11	0,31
35,580	0,56	-0,10	0,43
35,600	0,56	-0,10	0,43
35,620	0,55	-0,09	0,43
35,640	0,55	-0,08	0,42
35,660	0,55	-0,07	0,55
35,680	0,55	-0,06	0,45
35,700	0,55	-0,05	0,20
35,720	0,55	-0,05	0,42
35,740	0,55	-0,04	0,55
35,760	0,55	-0,03	0,32
35,780	0,55	-0,02	0,31
35,800	0,55	-0,01	0,43
35,820	0,55	0,00	0,44
35,840	0,55	0,00	0,33
35,860	0,55	0,01	0,21
35,880	0,55	0,01	0,32
35,900	0,55	0,02	0,33
35,920	0,55	0,03	0,21
35,940	0,55	0,03	0,32
35,960	0,55	0,04	0,33
35,980	0,55	0,04	0,22
36,000	0,55	0,05	0,11
36,020	0,55	0,05	0,10
36,040	0,55	0,05	0,22
36,060	0,55	0,06	0,11
36,080	0,55	0,06	0,11
36,100	0,55	0,06	0,11
36,120	0,56	0,06	0,11
36,140	0,56	0,06	0,12
36,160	0,56	0,06	-0,12
36,180	0,56	0,06	-0,01
36,200	0,56	0,06	0,12
36,220	0,56	0,06	4,25E-13
36,240	0,56	0,06	0,02
36,260	0,57	0,07	-0,21
36,280	0,57	0,06	-0,24
36,300	0,57	0,06	0,12
36,320	0,57	0,06	-0,08
36,340	0,57	0,05	0,96
36,360	0,57	0,10	1,37
36,380	0,57	0,11	-2,57
36,400	0,57	0,00	-1,59
36,420	0,57	0,04	2,58
36,440	0,58	0,10	-0,12
36,460	0,58	0,04	-1,51
36,480	0,58	0,04	-1,72E-13
36,500	0,58	0,04	0,01
36,520	0,58	0,04	-0,10
36,540	0,58	0,03	-0,22
36,560	0,58	0,03	-0,12
36,580	0,58	0,03	0,01
36,600	0,58	0,03	-0,11
36,620	0,58	0,03	-0,13
36,640	0,58	0,03	0,23
36,660	0,58	0,04	0,03
36,680	0,58	0,03	-0,34
36,700	0,59	0,02	-0,12
36,720	0,59	0,02	2,61E-14
36,740	0,59	0,02	-2,61E-14
36,760	0,59	0,02	-0,02
36,780	0,59	0,02	0,21
36,800	0,59	0,03	0,24
36,820	0,59	0,03	-0,11
36,840	0,59	0,03	-0,13
36,860	0,59	0,03	0,09
36,880	0,59	0,03	0,33
36,900	0,59	0,04	0,23
36,920	0,59	0,04	-1,72E-13
36,940	0,59	0,04	0,01
36,960	0,59	0,04	-0,14
36,980	0,59	0,03	0,18
37,000	0,59	0,05	0,70
37,020	0,60	0,06	0,03
37,040	0,60	0,05	-0,39
37,060	0,60	0,05	0,43
37,080	0,60	0,06	0,48
37,100	0,60	0,06	-0,13
37,120	0,60	0,06	0,10
37,140	0,60	0,07	0,23
37,160	0,60	0,07	-0,02
37,180	0,60	0,07	0,21
37,200	0,61	0,08	0,22
37,220	0,61	0,08	0,10
37,240	0,61	0,08	0,24
37,260	0,61	0,09	-0,11
37,280	0,61	0,08	-0,14
37,300	0,61	0,08	0,23
37,320	0,62	0,09	-1,02E-4
37,340	0,62	0,08	-0,01
37,360	0,62	0,09	0,13
37,380	0,62	0,09	-0,11
37,400	0,62	0,08	-0,13
37,420	0,62	0,08	0,13
37,440	0,63	0,09	-0,09
37,460	0,63	0,08	-0,34
37,480	0,63	0,07	-0,11
37,500	0,63	0,07	-0,10
37,520	0,63	0,07	-0,20
37,540	0,63	0,07	-0,44
37,560	0,63	0,05	-0,38
37,580	0,64	0,05	0,35
37,600	0,64	0,07	0,09
37,620	0,64	0,05	-0,98
37,640	0,64	0,03	-0,92
37,660	0,64	0,02	-0,22
37,680	0,64	0,02	-0,09
37,700	0,64	0,01	-0,31
37,720	0,64	0,01	-0,43
37,740	0,64	0,00	-0,44
37,760	0,64	-0,01	-0,34
37,780	0,64	-0,02	-0,10
37,800	0,64	-0,02	-0,14
37,820	0,64	-0,02	-1,09
37,840	0,64	-0,06	-1,08
37,860	0,64	-0,07	0,27
37,880	0,64	-0,05	-0,37
37,900	0,63	-0,08	-1,15
37,920	0,63	-0,10	-0,23
37,940	0,63	-0,09	-0,07
37,960	0,63	-0,10	-0,53
37,980	0,63	-0,11	-0,67
38,000	0,62	-0,12	-0,44
38,020	0,62	-0,13	-0,29
38,040	0,62	-0,14	-0,66
38,060	0,62	-0,15	-0,47
38,080	0,61	-0,15	0,03
38,100	0,61	-0,15	-0,31
38,120	0,61	-0,17	-0,44
38,140	0,60	-0,17	-0,32
38,160	0,60	-0,18	-0,34
38,180	0,60	-0,19	-0,11
38,200	0,59	-0,18	-0,10
38,220	0,59	-0,19	-0,12
38,240	0,59	-0,19	-1,30
38,260	0,58	-0,24	-1,37
38,280	0,58	-0,24	1,07
38,300	0,57	-0,20	1,27
38,320	0,57	-0,19	0,22
38,340	0,56	-0,19	0,12
38,360	0,56	-0,19	-0,01
38,380	0,56	-0,19	0,10
38,400	0,55	-0,19	0,22
38,420	0,55	-0,18	0,21
38,440	0,55	-0,18	0,31
38,460	0,54	-0,17	0,44
38,480	0,54	-0,16	0,33
38,500	0,54	-0,16	0,21
38,520	0,53	-0,15	0,31
38,540	0,53	-0,14	0,54
38,560	0,53	-0,13	0,55
38,580	0,52	-0,12	0,41
38,600	0,52	-0,11	0,65
38,620	0,52	-0,10	0,66
38,640	0,52	-0,09	0,42
38,660	0,52	-0,08	0,52
38,680	0,51	-0,07	0,75
38,700	0,51	-0,05	0,77
38,720	0,51	-0,04	0,53
38,740	0,51	-0,03	0,64
38,760	0,51	-0,01	0,75
38,780	0,51	0,00	0,75
38,800	0,51	0,02	0,77
38,820	0,51	0,03	0,53
38,840	0,51	0,04	0,63
38,860	0,51	0,06	0,87
38,880	0,52	0,08	0,76
38,900	0,52	0,09	0,64
38,920	0,52	0,10	0,64
38,940	0,52	0,12	0,65
38,960	0,52	0,13	0,54
38,980	0,53	0,14	0,53
39,000	0,53	0,15	0,65
39,020	0,53	0,16	0,54
39,040	0,54	0,17	0,54
39,060	0,54	0,18	0,55
39,080	0,54	0,19	0,43
39,100	0,55	0,20	0,43
39,120	0,55	0,21	0,44
39,140	0,56	0,22	0,33
39,160	0,56	0,22	0,21
39,180	0,56	0,23	0,31
39,200	0,57	0,24	0,46
39,220	0,57	0,25	0,13
39,240	0,58	0,24	-0,35
39,260	0,58	0,23	1,39
39,280	0,59	0,30	1,75
39,300	0,60	0,30	-1,41
39,320	0,60	0,24	-1,42
39,340	0,61	0,24	0,23
39,360	0,61	0,25	0,05
39,380	0,61	0,25	-0,52
39,400	0,62	0,23	-0,82
39,420	0,62	0,21	-0,04
39,440	0,63	0,23	0,51
39,460	0,63	0,23	-0,50
39,480	0,64	0,21	0,30
39,500	0,64	0,25	0,77
39,520	0,65	0,24	-1,93
39,540	0,65	0,17	-1,91
39,560	0,65	0,16	-2,15
39,580	0,66	0,08	-2,60
39,600	0,66	0,06	2,75
39,620	0,66	0,19	1,16
39,640	0,67	0,10	-2,41
39,660	0,66	0,10	-0,62
39,680	0,67	0,08	-1,07
39,700	0,67	0,05	1,62
39,720	0,67	0,14	-1,80
39,740	0,67	-0,02	-5,02
39,760	0,67	-0,06	0,59
39,780	0,67	0,01	1,19
39,800	0,67	-0,01	1,09
39,820	0,67	0,05	1,31
39,840	0,67	0,04	-2,45
39,860	0,67	-0,05	-4,22
39,880	0,67	-0,13	-0,56
39,900	0,67	-0,07	2,44
39,920	0,67	-0,03	-0,78
39,940	0,67	-0,10	-1,84
39,960	0,66	-0,10	-0,34
39,980	0,66	-0,12	-2,62
40,000	0,66	-0,21	-2,50
40,020	0,65	-0,22	1,52
40,040	0,65	-0,15	1,58
40,060	0,65	-0,15	-0,54
40,080	0,64	-0,17	-0,50
40,100	0,64	-0,17	-0,98
40,120	0,64	-0,21	-0,96
40,140	0,63	-0,21	0,20
40,160	0,63	-0,20	0,48
40,180	0,62	-0,19	-0,06
40,200	0,62	-0,20	-0,65
40,220	0,62	-0,22	
