Messreihe #1	Messreihe #1	Messreihe #1	Messreihe #1
Zeit (s)	Position (m)	Geschwindigkeit (m/s)	Beschleunigung (m/s²)
0,000	0,56		
0,020	0,56	-0,16	
0,040	0,55	-0,15	0,40
0,060	0,55	-0,14	0,77
0,080	0,55	-0,12	0,56
0,100	0,55	-0,12	0,18
0,120	0,54	-0,11	0,64
0,140	0,54	-0,09	0,78
0,160	0,54	-0,08	0,41
0,180	0,54	-0,07	0,74
0,200	0,54	-0,05	0,88
0,220	0,54	-0,04	0,65
0,240	0,54	-0,03	0,64
0,260	0,54	-0,01	0,74
0,280	0,54	0,00	0,87
0,300	0,54	0,02	0,77
0,320	0,54	0,03	0,55
0,340	0,54	0,04	0,40
0,360	0,54	0,05	0,74
0,380	0,54	0,07	0,88
0,400	0,54	0,08	0,64
0,420	0,54	0,10	0,65
0,440	0,54	0,11	0,54
0,460	0,55	0,12	0,53
0,480	0,55	0,13	0,65
0,500	0,55	0,15	0,55
0,520	0,56	0,15	0,32
0,540	0,56	0,16	0,31
0,560	0,56	0,17	0,44
0,580	0,57	0,18	0,33
0,600	0,57	0,18	0,21
0,620	0,57	0,18	0,21
0,640	0,58	0,19	0,11
0,660	0,58	0,19	1,49
0,680	0,58	0,25	1,84
0,700	0,59	0,26	-1,04
0,720	0,59	0,21	-1,59
0,740	0,60	0,20	-0,43
0,760	0,60	0,19	-0,45
0,780	0,61	0,18	-0,23
0,800	0,61	0,18	1,26E-13
0,820	0,61	0,18	0,01
0,840	0,62	0,18	-0,10
0,860	0,62	0,18	-0,21
0,880	0,62	0,17	-0,17
0,900	0,63	0,17	-0,71
0,920	0,63	0,14	-1,25
0,940	0,63	0,12	-0,43
0,960	0,64	0,13	-0,38
0,980	0,64	0,10	-1,00
1,000	0,64	0,09	-0,63
1,020	0,64	0,08	-0,77
1,040	0,64	0,06	-0,56
1,060	0,64	0,06	-0,37
1,080	0,64	0,04	0,25
1,100	0,65	0,07	0,10
1,120	0,65	0,05	-2,40
1,140	0,65	-0,03	-2,05
1,160	0,65	-0,04	-1,91
1,180	0,65	-0,11	-2,50
1,200	0,64	-0,14	0,29
1,220	0,64	-0,09	0,77
1,240	0,64	-0,11	-0,69
1,260	0,64	-0,12	-0,21
1,280	0,63	-0,11	-0,28
1,300	0,63	-0,13	-0,77
1,320	0,63	-0,15	-0,55
1,340	0,63	-0,15	-0,43
1,360	0,62	-0,16	-0,41
1,380	0,62	-0,17	-0,65
1,400	0,62	-0,19	-0,68
1,420	0,61	-0,20	-0,23
1,440	0,61	-0,20	-0,01
1,460	0,60	-0,20	0,10
1,480	0,60	-0,19	0,23
1,500	0,60	-0,19	0,02
1,520	0,59	-0,19	-0,22
1,540	0,59	-0,20	-0,03
1,560	0,58	-0,19	-1,08
1,580	0,58	-0,24	-1,16
1,600	0,57	-0,24	1,28
1,620	0,57	-0,19	1,48
1,640	0,57	-0,18	0,43
1,660	0,56	-0,17	0,42
1,680	0,56	-0,16	0,54
1,700	0,56	-0,15	0,55
1,720	0,55	-0,14	0,43
1,740	0,55	-0,13	0,43
1,760	0,55	-0,13	0,42
1,780	0,55	-0,12	0,53
1,800	0,54	-0,10	0,65
1,820	0,54	-0,09	0,64
1,840	0,54	-0,08	0,76
1,860	0,54	-0,06	0,65
1,880	0,54	-0,05	0,52
1,900	0,54	-0,04	0,75
1,920	0,54	-0,02	0,75
1,940	0,54	-0,01	0,74
1,960	0,54	0,01	0,87
1,980	0,54	0,02	0,77
2,000	0,54	0,04	0,54
2,020	0,54	0,05	0,53
2,040	0,54	0,06	0,64
2,060	0,54	0,07	0,64
2,080	0,54	0,08	0,64
2,100	0,54	0,10	0,64
2,120	0,55	0,11	0,65
2,140	0,55	0,12	0,55
2,160	0,55	0,13	0,43
2,180	0,55	0,14	0,43
2,200	0,56	0,15	0,43
2,220	0,56	0,16	0,44
2,240	0,56	0,17	0,34
2,260	0,57	0,17	0,10
2,280	0,57	0,17	0,21
2,300	0,57	0,18	0,34
2,320	0,58	0,18	0,00
2,340	0,58	0,18	1,38
2,360	0,58	0,24	1,84
2,380	0,59	0,25	-1,04
2,400	0,59	0,20	-1,60
2,420	0,60	0,19	-0,32
2,440	0,60	0,19	-0,31
2,460	0,60	0,18	-0,45
2,480	0,61	0,17	-0,21
2,500	0,61	0,17	-0,21
2,520	0,62	0,16	-0,36
2,540	0,62	0,15	0,11
2,560	0,62	0,16	0,19
2,580	0,62	0,16	-0,70
2,600	0,63	0,14	-1,36
2,620	0,63	0,11	-0,55
2,640	0,63	0,11	-0,37
2,660	0,63	0,09	-1,12
2,680	0,64	0,07	-0,56
2,700	0,64	0,07	-0,27
2,720	0,64	0,06	-0,86
2,740	0,64	0,04	-0,87
2,760	0,64	0,02	-0,85
2,780	0,64	0,00	0,30
2,800	0,64	0,04	0,77
2,820	0,64	0,03	-1,78
2,840	0,64	-0,04	-3,80
2,860	0,64	-0,12	-2,42
2,880	0,64	-0,13	0,74
2,900	0,64	-0,09	0,97
2,920	0,63	-0,09	-0,27
2,940	0,63	-0,10	-0,91
2,960	0,63	-0,13	-0,38
2,980	0,63	-0,12	0,43
3,000	0,62	-0,11	-0,82
3,020	0,62	-0,15	-1,39
3,040	0,62	-0,17	-0,24
3,060	0,62	-0,16	0,06
3,080	0,61	-0,17	-0,66
3,100	0,61	-0,18	-0,47
3,120	0,60	-0,19	0,09
3,140	0,60	-0,18	-1,08
3,160	0,60	-0,23	-1,16
3,180	0,59	-0,23	1,30
3,200	0,59	-0,18	1,18
3,220	0,58	-0,18	1,39
3,240	0,58	-0,12	0,21
3,260	0,58	-0,17	-1,19
3,280	0,57	-0,17	0,32
3,300	0,57	-0,16	0,33
3,320	0,57	-0,16	0,33
3,340	0,57	-0,15	-1,30
3,360	0,56	-0,21	0,08
3,380	0,56	-0,14	1,93
3,400	0,56	-0,13	0,62
3,420	0,55	-0,12	0,98
3,440	0,55	-0,09	0,91
3,460	0,55	-0,08	0,23
3,480	0,55	-0,08	-0,03
3,500	0,55	-0,08	0,39
3,520	0,54	-0,07	0,99
3,540	0,54	-0,04	0,65
3,560	0,54	-0,04	0,63
3,580	0,54	-0,02	0,88
3,600	0,54	-0,01	0,65
3,620	0,54	0,01	0,65
3,640	0,54	0,02	0,53
3,660	0,54	0,03	0,64
3,680	0,54	0,05	0,65
3,700	0,54	0,05	0,53
3,720	0,55	0,07	0,64
3,740	0,55	0,08	0,64
3,760	0,55	0,09	0,65
3,780	0,55	0,11	0,55
3,800	0,55	0,12	0,43
3,820	0,56	0,12	0,42
3,840	0,56	0,13	0,55
3,860	0,56	0,15	0,45
3,880	0,56	0,15	0,21
3,900	0,57	0,15	0,33
3,920	0,57	0,16	0,23
3,940	0,57	0,16	-0,01
3,960	0,58	0,16	0,09
3,980	0,58	0,17	0,22
4,000	0,58	0,17	1,51
4,020	0,59	0,23	1,60
4,040	0,59	0,24	-0,95
4,060	0,60	0,19	-1,25
4,080	0,60	0,19	-0,30
4,100	0,60	0,18	-0,53
4,120	0,61	0,16	-0,67
4,140	0,61	0,15	-0,35
4,160	0,61	0,15	0,01
4,180	0,62	0,15	-0,07
4,200	0,62	0,15	-0,54
4,220	0,62	0,13	-0,61
4,240	0,62	0,12	0,27
4,260	0,63	0,14	-0,35
4,280	0,63	0,11	-1,37
4,300	0,63	0,09	-0,41
4,320	0,63	0,09	-0,62
4,340	0,64	0,06	-1,03
4,360	0,64	0,05	-0,28
4,380	0,64	0,05	-0,70
4,400	0,64	0,02	-1,36
4,420	0,64	0,00	-0,61
4,440	0,64	-3,99E-4	0,35
4,460	0,64	0,01	-1,24
4,480	0,64	-0,05	-2,00
4,500	0,64	-0,07	-0,04
4,520	0,64	-0,05	0,53
4,540	0,63	-0,05	-0,53
4,560	0,63	-0,07	-2,03
4,580	0,63	-0,13	-1,01
4,600	0,63	-0,11	0,90
4,620	0,63	-0,09	-0,80
4,640	0,62	-0,15	-1,66
4,660	0,62	-0,16	0,18
4,680	0,62	-0,14	0,76
4,700	0,62	-0,13	-0,60
4,720	0,61	-0,16	-1,24
4,740	0,61	-0,18	-0,46
4,760	0,61	-0,18	-1,42
4,780	0,60	-0,24	-1,41
4,800	0,60	-0,24	1,41
4,820	0,59	-0,18	1,39
4,840	0,59	-0,18	0,10
4,860	0,59	-0,18	0,22
4,880	0,58	-0,17	0,02
4,900	0,58	-0,18	1,28
4,920	0,57	-0,12	0,20
4,940	0,57	-0,17	-2,58
4,960	0,57	-0,22	0,09
4,980	0,56	-0,16	1,84
5,000	0,56	-0,15	0,33
5,020	0,56	-0,15	0,18
5,040	0,56	-0,14	0,65
5,060	0,55	-0,13	0,66
5,080	0,55	-0,12	0,42
5,100	0,55	-0,11	0,53
5,120	0,55	-0,10	0,65
5,140	0,54	-0,08	0,54
5,160	0,54	-0,07	0,53
5,180	0,54	-0,06	0,65
5,200	0,54	-0,05	0,65
5,220	0,54	-0,04	0,65
5,240	0,54	-0,02	0,64
5,260	0,54	-0,01	0,75
5,280	0,54	0,01	0,76
5,300	0,54	0,02	0,64
5,320	0,54	0,03	0,75
5,340	0,54	0,05	0,77
5,360	0,54	0,06	0,54
5,380	0,54	0,07	0,54
5,400	0,54	0,09	0,54
5,420	0,55	0,09	0,53
5,440	0,55	0,11	0,66
5,460	0,55	0,12	0,43
5,480	0,55	0,12	0,40
5,500	0,56	0,14	0,66
5,520	0,56	0,15	1,86
5,540	0,56	0,21	1,59
5,560	0,57	0,21	-0,98
5,580	0,57	0,17	-0,82
5,600	0,57	0,18	0,11
5,620	0,58	0,18	0,11
5,640	0,58	0,19	0,12
5,660	0,58	0,18	-0,04
5,680	0,59	0,18	0,42
5,700	0,59	0,20	0,58
5,720	0,60	0,21	0,06
5,740	0,60	0,20	-0,67
5,760	0,60	0,18	-0,34
5,780	0,61	0,19	-0,07
5,800	0,61	0,18	-0,54
5,820	0,61	0,16	-0,59
5,840	0,62	0,15	4,10E-4
5,860	0,62	0,16	0,07
5,880	0,62	0,16	-0,76
5,900	0,63	0,13	-0,70
5,920	0,63	0,13	0,04
5,940	0,63	0,14	-0,49
5,960	0,63	0,11	0,30
5,980	0,64	0,15	-0,55
6,000	0,64	0,09	-1,82
6,020	0,64	0,07	-0,51
6,040	0,64	0,07	-2,15
6,060	0,64	-0,01	-0,98
6,080	0,64	0,03	0,53
6,100	0,64	0,01	-0,78
6,120	0,64	0,00	0,78
6,140	0,64	0,04	0,66
6,160	0,65	0,02	-1,93
6,180	0,64	-0,04	-3,34
6,200	0,64	-0,11	-2,28
6,220	0,64	-0,13	0,54
6,240	0,64	-0,09	0,65
6,260	0,64	-0,10	-0,63
6,280	0,63	-0,11	-0,90
6,300	0,63	-0,14	-0,48
6,320	0,63	-0,13	0,15
6,340	0,63	-0,13	-0,30
6,360	0,62	-0,15	-0,54
6,380	0,62	-0,15	-0,53
6,400	0,62	-0,17	-0,67
6,420	0,61	-0,18	-0,45
6,440	0,61	-0,18	-0,22
6,460	0,61	-0,19	-0,22
6,480	0,60	-0,19	-0,23
6,500	0,60	-0,20	-0,02
6,520	0,59	-0,19	0,33
6,540	0,59	-0,19	-1,08
6,560	0,59	-0,24	-1,29
6,580	0,58	-0,24	1,41
6,600	0,58	-0,18	1,40
6,620	0,57	-0,18	-0,01
6,640	0,57	-0,18	0,08
6,660	0,57	-0,18	0,42
6,680	0,56	-0,16	0,56
6,700	0,56	-0,15	0,22
6,720	0,56	-0,16	0,18
6,740	0,55	-0,15	0,64
6,760	0,55	-0,13	0,77
6,780	0,55	-0,12	0,55
6,800	0,55	-0,11	0,42
6,820	0,54	-0,10	0,53
6,840	0,54	-0,09	0,65
6,860	0,54	-0,07	0,65
6,880	0,54	-0,06	0,65
6,900	0,54	-0,05	0,65
6,920	0,54	-0,04	0,65
6,940	0,54	-0,02	0,64
6,960	0,54	-0,01	0,75
6,980	0,54	0,01	0,76
7,000	0,54	0,02	0,64
7,020	0,54	0,03	0,64
7,040	0,54	0,05	0,64
7,060	0,54	0,06	0,64
7,080	0,54	0,07	0,64
7,100	0,54	0,08	0,65
7,120	0,54	0,10	0,55
7,140	0,55	0,11	0,42
7,160	0,55	0,12	0,53
7,180	0,55	0,13	0,65
7,200	0,55	0,14	0,55
7,220	0,56	0,15	0,33
7,240	0,56	0,15	0,21
7,260	0,56	0,16	0,32
7,280	0,57	0,17	0,33
7,300	0,57	0,17	0,22
7,320	0,57	0,18	0,11
7,340	0,58	0,18	0,00
7,360	0,58	0,18	1,40
7,380	0,58	0,23	1,60
7,400	0,59	0,24	-0,95
7,420	0,59	0,19	-1,27
7,440	0,60	0,19	-0,11
7,460	0,60	0,19	-0,08
7,480	0,60	0,19	-0,41
7,500	0,61	0,17	-0,65
7,520	0,61	0,16	-0,57
7,540	0,61	0,15	-0,23
7,560	0,62	0,15	0,01
7,580	0,62	0,15	-0,07
7,600	0,62	0,15	-0,53
7,620	0,63	0,13	-0,64
7,640	0,63	0,12	-0,63
7,660	0,63	0,10	-0,77
7,680	0,63	0,09	-0,53
7,700	0,64	0,08	-0,64
7,720	0,64	0,07	-0,64
7,740	0,64	0,06	-0,63
7,760	0,64	0,04	-0,75
7,780	0,64	0,03	-0,76
7,800	0,64	0,01	-0,77
7,820	0,64	0,00	0,78
7,840	0,64	0,04	0,67
7,860	0,64	0,02	-2,06
7,880	0,64	-0,04	-3,24
7,900	0,64	-0,11	-2,04
7,920	0,64	-0,12	0,42
7,940	0,63	-0,09	0,63
7,960	0,63	-0,10	-0,40
7,980	0,63	-0,11	-0,78
8,000	0,63	-0,13	-0,48
8,020	0,63	-0,12	0,16
8,040	0,62	-0,12	-0,41
8,060	0,62	-0,14	-0,67
8,080	0,62	-0,15	-0,32
8,100	0,61	-0,15	-0,30
8,120	0,61	-0,16	-0,55
8,140	0,61	-0,18	-0,46
8,160	0,60	-0,18	-0,02
8,180	0,60	-0,18	-1,08
8,200	0,60	-0,22	-1,28
8,220	0,59	-0,23	1,28
8,240	0,59	-0,17	1,52
8,260	0,59	-0,17	-0,01
8,280	0,58	-0,17	0,10
8,300	0,58	-0,16	0,23
8,320	0,58	-0,16	-0,02
8,340	0,57	-0,16	0,21
8,360	0,57	-0,16	0,32
8,380	0,57	-0,15	0,31
8,400	0,56	-0,14	0,43
8,420	0,56	-0,13	0,42
8,440	0,56	-0,13	0,53
8,460	0,55	-0,11	0,65
8,480	0,55	-0,10	0,55
8,500	0,55	-0,09	0,43
8,520	0,55	-0,08	0,42
8,540	0,55	-0,07	0,53
8,560	0,55	-0,06	0,65
8,580	0,55	-0,05	0,64
8,600	0,54	-0,04	0,76
8,620	0,54	-0,02	0,65
8,640	0,54	-0,01	0,52
8,660	0,54	0,00	0,76
8,680	0,54	0,02	0,65
8,700	0,54	0,03	0,53
8,720	0,54	0,04	0,65
8,740	0,55	0,06	0,54
8,760	0,55	0,06	0,53
8,780	0,55	0,08	0,65
8,800	0,55	0,09	0,54
8,820	0,55	0,10	0,54
8,840	0,55	0,11	0,55
8,860	0,56	0,12	0,43
8,880	0,56	0,13	0,44
8,900	0,56	0,14	0,32
8,920	0,56	0,14	0,32
8,940	0,57	0,15	0,33
8,960	0,57	0,15	0,21
8,980	0,57	0,16	0,22
9,000	0,58	0,16	0,01
9,020	0,58	0,16	1,28
9,040	0,58	0,21	1,61
9,060	0,59	0,22	-1,07
9,080	0,59	0,17	-1,28
9,100	0,60	0,17	2,60E-13
9,120	0,60	0,17	0,01
9,140	0,60	0,17	-0,09
9,160	0,61	0,17	-0,31
9,180	0,61	0,16	-0,42
9,200	0,61	0,15	-0,55
9,220	0,62	0,14	-0,47
9,240	0,62	0,13	0,03
9,260	0,62	0,14	-0,30
9,280	0,62	0,12	-0,56
9,300	0,63	0,12	-0,30
9,320	0,63	0,11	-0,52
9,340	0,63	0,10	-0,75
9,360	0,63	0,08	-0,78
9,380	0,63	0,06	-0,41
9,400	0,63	0,06	-0,62
9,420	0,64	0,04	-0,88
9,440	0,64	0,03	-0,65
9,460	0,64	0,01	-0,54
9,480	0,64	0,01	-0,52
9,500	0,64	-0,01	-0,76
9,520	0,64	-0,03	-0,65
9,540	0,64	-0,03	-0,64
9,560	0,63	-0,05	-0,77
9,580	0,63	-0,06	-0,53
9,600	0,63	-0,07	-0,62
9,620	0,63	-0,09	-1,00
9,640	0,63	-0,11	-0,68
9,660	0,63	-0,12	-0,20
9,680	0,62	-0,12	-0,44
9,700	0,62	-0,13	-0,32
9,720	0,62	-0,13	-0,30
9,740	0,62	-0,15	-0,57
9,760	0,61	-0,15	-0,23
9,780	0,61	-0,15	0,04
9,800	0,61	-0,15	-0,41
9,820	0,60	-0,17	-0,69
9,840	0,60	-0,18	-0,12
9,860	0,60	-0,18	2,26E-4
9,880	0,59	-0,18	0,07
9,900	0,59	-0,17	-0,85
9,920	0,59	-0,22	-1,15
9,940	0,58	-0,22	1,17
9,960	0,58	-0,17	1,50
9,980	0,57	-0,16	0,22
10,000	0,57	-0,16	0,09
10,020	0,57	-0,16	0,33
10,040	0,56	-0,15	0,22
10,060	0,56	-0,15	0,19
10,080	0,56	-0,14	0,54
10,100	0,56	-0,13	0,54
10,120	0,55	-0,12	0,54
10,140	0,55	-0,10	0,55
10,160	0,55	-0,10	0,41
10,180	0,55	-0,09	0,65
10,200	0,55	-0,07	0,66
10,220	0,54	-0,06	0,42
10,240	0,54	-0,05	0,53
10,260	0,54	-0,04	0,65
10,280	0,54	-0,03	0,65
10,300	0,54	-0,01	0,64
10,320	0,54	0,00	0,75
10,340	0,54	0,02	0,77
10,360	0,54	0,03	0,54
10,380	0,54	0,04	0,52
10,400	0,54	0,05	0,76
10,420	0,54	0,07	0,66
10,440	0,55	0,08	0,42
10,460	0,55	0,08	0,53
10,480	0,55	0,10	0,65
10,500	0,55	0,11	0,55
10,520	0,55	0,12	0,31
10,540	0,56	0,12	0,41
10,560	0,56	0,14	0,65
10,580	0,56	0,15	0,55
10,600	0,57	0,16	0,33
10,620	0,57	0,16	0,12
10,640	0,57	0,16	1,29
10,660	0,57	0,21	1,48
10,680	0,58	0,22	-0,95
10,700	0,58	0,18	-1,28
10,720	0,59	0,17	-0,02
10,740	0,59	0,18	0,22
10,760	0,59	0,18	0,11
10,780	0,60	0,18	0,12
10,800	0,60	0,19	0,03
10,820	0,61	0,18	-0,33
10,840	0,61	0,17	-0,20
10,860	0,61	0,17	-0,40
10,880	0,62	0,16	-0,80
10,900	0,62	0,14	-0,23
10,920	0,62	0,15	0,05
10,940	0,62	0,14	-0,53
10,960	0,63	0,13	-0,69
10,980	0,63	0,12	-0,09
11,000	0,63	0,12	-0,26
11,020	0,63	0,11	-0,98
11,040	0,64	0,08	-1,00
11,060	0,64	0,07	0,77
11,080	0,64	0,11	-0,42
11,100	0,64	0,05	-3,36
11,120	0,64	-0,02	-0,64
11,140	0,64	0,02	0,66
11,160	0,64	0,01	-0,76
11,180	0,64	-0,01	-0,76
11,200	0,64	-0,02	0,54
11,220	0,64	0,01	0,88
11,240	0,64	0,01	-3,23
11,260	0,64	-0,12	-2,16
11,280	0,64	-0,08	0,64
11,300	0,64	-0,09	-1,95
11,320	0,63	-0,15	-0,62
11,340	0,63	-0,11	0,39
11,360	0,63	-0,14	-0,47
11,380	0,63	-0,13	0,03
11,400	0,62	-0,14	-0,30
11,420	0,62	-0,15	-0,54
11,440	0,62	-0,16	-0,58
11,460	0,61	-0,17	-0,11
11,480	0,61	-0,16	-0,07
11,500	0,61	-0,17	-0,54
11,520	0,60	-0,18	-0,57
11,540	0,60	-0,19	-0,25
11,560	0,60	-0,19	0,21
11,580	0,59	-0,19	0,34
11,600	0,59	-0,18	0,21
11,620	0,59	-0,18	-1,08
11,640	0,58	-0,22	-1,27
11,660	0,58	-0,23	1,17
11,680	0,57	-0,18	1,49
11,700	0,57	-0,17	0,33
11,720	0,57	-0,16	0,21
11,740	0,56	-0,16	0,31
11,760	0,56	-0,15	0,43
11,780	0,56	-0,14	0,42
11,800	0,55	-0,13	0,53
11,820	0,55	-0,12	0,65
11,840	0,55	-0,11	0,55
11,860	0,55	-0,10	0,42
11,880	0,55	-0,09	0,53
11,900	0,54	-0,08	0,65
11,920	0,54	-0,07	0,54
11,940	0,54	-0,06	0,52
11,960	0,54	-0,04	0,75
11,980	0,54	-0,03	0,76
12,000	0,54	-0,01	0,65
12,020	0,54	0,00	0,64
12,040	0,54	0,01	0,64
12,060	0,54	0,02	0,64
12,080	0,54	0,04	0,64
12,100	0,54	0,05	0,65
12,120	0,54	0,06	0,54
12,140	0,54	0,07	0,53
12,160	0,54	0,08	0,64
12,180	0,55	0,10	0,64
12,200	0,55	0,11	0,66
12,220	0,55	0,12	0,45
12,240	0,55	0,13	0,20
12,260	0,56	0,13	0,41
12,280	0,56	0,15	0,66
12,300	0,56	0,16	0,45
12,320	0,57	0,16	0,22
12,340	0,57	0,17	0,11
12,360	0,57	0,17	-9,69E-4
12,380	0,58	0,17	1,41
12,400	0,58	0,22	1,48
12,420	0,58	0,23	-0,97
12,440	0,59	0,18	-1,04
12,460	0,59	0,19	-0,10
12,480	0,59	0,18	-0,22
12,500	0,60	0,18	-0,12
12,520	0,60	0,18	0,02
12,540	0,61	0,18	-0,20
12,560	0,61	0,17	-0,43
12,580	0,61	0,16	-0,43
12,600	0,62	0,15	-0,45
12,620	0,62	0,14	-0,23
12,640	0,62	0,14	0,05
12,660	0,62	0,14	-0,52
12,680	0,63	0,12	-0,79
12,700	0,63	0,11	-0,30
12,720	0,63	0,11	-0,52
12,740	0,63	0,09	-0,75
12,760	0,64	0,08	-0,75
12,780	0,64	0,06	-0,76
12,800	0,64	0,05	-0,64
12,820	0,64	0,04	-0,65
12,840	0,64	0,02	-0,54
12,860	0,64	0,01	-0,52
12,880	0,64	0,00	-0,75
12,900	0,64	-0,02	-0,74
12,920	0,64	-0,03	-0,88
12,940	0,64	-0,05	-0,69
12,960	0,64	-0,06	-0,16
12,980	0,64	-0,06	-0,86
13,000	0,63	-0,09	-0,92
13,020	0,63	-0,09	-0,17
13,040	0,63	-0,10	-0,76
13,060	0,63	-0,12	-0,70
13,080	0,63	-0,12	0,04
13,100	0,62	-0,12	-0,42
13,120	0,62	-0,14	-0,58
13,140	0,62	-0,15	-0,09
13,160	0,61	-0,15	-0,29
13,180	0,61	-0,16	-0,66
13,200	0,61	-0,17	-0,46
13,220	0,61	-0,18	-0,13
13,240	0,60	-0,18	0,11
13,260	0,60	-0,17	0,11
13,280	0,59	-0,17	0,11
13,300	0,59	-0,17	0,12
13,320	0,59	-0,17	-0,01
13,340	0,58	-0,17	0,11
13,360	0,58	-0,16	0,21
13,380	0,58	-0,16	-1,08
13,400	0,57	-0,21	-1,17
13,420	0,57	-0,21	1,38
13,440	0,57	-0,15	1,70
13,460	0,56	-0,14	0,56
13,480	0,56	-0,13	0,31
13,500	0,56	-0,13	0,42
13,520	0,56	-0,11	0,54
13,540	0,55	-0,10	0,53
13,560	0,55	-0,09	0,66
13,580	0,55	-0,08	0,43
13,600	0,55	-0,07	0,41
13,620	0,55	-0,06	0,65
13,640	0,55	-0,05	0,54
13,660	0,55	-0,04	0,52
13,680	0,54	-0,03	0,75
13,700	0,54	-0,01	0,77
13,720	0,54	0,00	0,54
13,740	0,54	0,01	0,53
13,760	0,54	0,02	0,64
13,780	0,55	0,04	0,64
13,800	0,55	0,05	0,65
13,820	0,55	0,06	0,55
13,840	0,55	0,07	0,43
13,860	0,55	0,08	0,42
13,880	0,55	0,09	0,53
13,900	0,55	0,10	0,65
13,920	0,56	0,12	0,55
13,940	0,56	0,12	0,33
13,960	0,56	0,13	0,21
13,980	0,56	0,13	0,31
14,000	0,57	0,14	0,44
14,020	0,57	0,15	0,23
14,040	0,57	0,15	1,41
14,060	0,58	0,21	1,50
14,080	0,58	0,21	-1,19
14,100	0,58	0,16	-1,17
14,120	0,59	0,16	0,11
14,140	0,59	0,16	0,09
14,160	0,59	0,17	0,34
14,180	0,60	0,18	0,17
14,200	0,60	0,17	-0,64
14,220	0,60	0,15	-0,81
14,240	0,61	0,14	-0,12
14,260	0,61	0,15	0,04
14,280	0,61	0,14	-0,43
14,300	0,62	0,13	-0,47
14,320	0,62	0,12	0,02
14,340	0,62	0,13	-0,19
14,360	0,62	0,12	-0,55
14,380	0,63	0,11	-0,42
14,400	0,63	0,10	-0,52
14,420	0,63	0,09	-0,73
14,440	0,63	0,07	-0,96
14,460	0,63	0,05	-1,09
14,480	0,63	0,03	-0,96
14,500	0,63	0,01	0,21
14,520	0,63	0,04	0,46
14,540	0,63	0,03	-1,14
14,560	0,63	-0,01	-1,69
14,580	0,63	-0,04	-0,83
14,600	0,63	-0,04	0,14
14,620	0,63	-0,03	-0,14
14,640	0,63	-0,05	-1,10
14,660	0,63	-0,08	-0,80
14,680	0,63	-0,08	-0,20
14,700	0,63	-0,08	-0,47
14,720	0,63	-0,10	0,02
14,740	0,62	-0,08	-0,12
14,760	0,62	-0,10	-1,33
14,780	0,62	-0,14	-0,97
14,800	0,62	-0,14	0,35
14,820	0,61	-0,12	0,07
14,840	0,61	-0,14	-0,80
14,860	0,61	-0,16	-0,19
14,880	0,61	-0,15	-0,54
14,900	0,60	-0,18	-0,49
14,920	0,60	-0,17	-1,18
14,940	0,59	-0,22	-0,14
14,960	0,59	-0,17	3,23
14,980	0,59	-0,09	0,62
15,000	0,59	-0,15	-1,86
15,020	0,58	-0,17	-1,57
15,040	0,58	-0,21	-0,95
15,060	0,57	-0,21	1,52
15,080	0,57	-0,15	3,01
15,100	0,57	-0,09	0,42
15,120	0,57	-0,13	-2,48
15,140	0,56	-0,19	0,32
15,160	0,56	-0,12	1,83
15,180	0,56	-0,11	0,43
15,200	0,55	-0,10	0,43
15,220	0,55	-0,10	0,42
15,240	0,55	-0,09	0,53
15,260	0,55	-0,07	0,65
15,280	0,55	-0,06	0,66
15,300	0,55	-0,05	0,43
15,320	0,55	-0,04	0,41
15,340	0,55	-0,03	0,65
15,360	0,54	-0,02	0,64
15,380	0,54	-0,01	0,76
15,400	0,54	0,01	0,65
15,420	0,55	0,02	0,53
15,440	0,55	0,03	0,65
15,460	0,55	0,05	0,54
15,480	0,55	0,05	0,53
15,500	0,55	0,07	0,65
15,520	0,55	0,08	0,55
15,540	0,55	0,09	0,43
15,560	0,55	0,10	0,41
15,580	0,56	0,11	0,65
15,600	0,56	0,12	0,56
15,620	0,56	0,13	0,20
15,640	0,56	0,13	0,43
15,660	0,57	0,15	0,45
15,680	0,57	0,15	0,12
15,700	0,57	0,15	1,40
15,720	0,57	0,21	1,71
15,740	0,58	0,22	-2,35
15,760	0,58	0,11	-2,80
15,780	0,58	0,11	1,29
15,800	0,59	0,16	2,79
15,820	0,59	0,22	1,69
15,840	0,60	0,23	-0,60
15,860	0,60	0,19	-1,18
15,880	0,60	0,18	-1,20
15,900	0,61	0,15	-1,07
15,920	0,61	0,14	0,23
15,940	0,61	0,16	0,05
15,960	0,62	0,14	-0,56
15,980	0,62	0,13	-0,32
16,000	0,62	0,13	-0,32
16,020	0,62	0,12	-0,31
16,040	0,63	0,12	-0,43
16,060	0,63	0,10	-0,43
16,080	0,63	0,10	-0,38
16,100	0,63	0,09	-1,01
16,120	0,63	0,06	-0,58
16,140	0,64	0,07	-0,01
16,160	0,64	0,06	-1,16
16,180	0,64	0,02	-1,49
16,200	0,64	0,00	-0,45
16,220	0,64	7,97E-4	-0,18
16,240	0,64	-0,01	-0,67
16,260	0,64	-0,03	-0,37
16,280	0,64	-0,02	0,32
16,300	0,64	-0,01	-0,90
16,320	0,64	-0,06	-1,86
16,340	0,63	-0,09	-0,22
16,360	0,63	-0,07	-0,14
16,380	0,63	-0,09	-1,13
16,400	0,63	-0,11	-0,43
16,420	0,63	-0,11	-0,43
16,440	0,62	-0,13	-0,44
16,460	0,62	-0,13	-0,30
16,480	0,62	-0,14	-0,60
16,500	0,62	-0,15	0,12
16,520	0,61	-0,14	0,07
16,540	0,61	-0,15	-0,77
16,560	0,61	-0,17	-0,56
16,580	0,60	-0,17	-0,32
16,600	0,60	-0,18	-0,34
16,620	0,60	-0,18	-0,14
16,640	0,59	-0,19	0,32
16,660	0,59	-0,17	-0,96
16,680	0,59	-0,22	-1,29
16,700	0,58	-0,22	1,41
16,720	0,58	-0,17	1,39
16,740	0,57	-0,17	0,09
16,760	0,57	-0,16	0,32
16,780	0,57	-0,16	0,33
16,800	0,56	-0,15	0,21
16,820	0,56	-0,15	0,31
16,840	0,56	-0,14	0,42
16,860	0,56	-0,13	0,54
16,880	0,55	-0,12	0,55
16,900	0,55	-0,11	0,42
16,920	0,55	-0,10	0,54
16,940	0,55	-0,09	0,55
16,960	0,55	-0,08	0,41
16,980	0,54	-0,07	0,64
17,000	0,54	-0,05	0,77
17,020	0,54	-0,04	0,54
17,040	0,54	-0,03	0,53
17,060	0,54	-0,02	0,65
17,080	0,54	-0,01	0,64
17,100	0,54	0,01	0,75
17,120	0,54	0,02	0,77
17,140	0,54	0,04	0,55
17,160	0,54	0,05	0,42
17,180	0,54	0,05	0,53
17,200	0,54	0,07	0,64
17,220	0,55	0,08	0,65
17,240	0,55	0,09	0,55
17,260	0,55	0,10	0,41
17,280	0,55	0,11	0,65
17,300	0,55	0,13	0,56
17,320	0,56	0,13	0,20
17,340	0,56	0,14	0,32
17,360	0,56	0,15	1,75
17,380	0,57	0,21	1,60
17,400	0,57	0,21	-1,08
17,420	0,57	0,16	-1,06
17,440	0,58	0,17	0,10
17,460	0,58	0,17	0,20
17,480	0,58	0,18	0,46
17,500	0,59	0,19	0,14
17,520	0,59	0,18	-0,32
17,540	0,59	0,17	-0,34
17,560	0,60	0,17	-0,13
17,580	0,60	0,17	0,11
17,600	0,60	0,17	0,13
17,620	0,61	0,17	-0,06
17,640	0,61	0,17	-0,63
17,660	0,62	0,15	-0,94
17,680	0,62	0,13	0,02
17,700	0,62	0,15	-0,19
17,720	0,62	0,12	-0,55
17,740	0,63	0,13	-0,41
17,760	0,63	0,11	-0,67
17,780	0,63	0,10	-0,29
17,800	0,63	0,10	-0,66
17,820	0,63	0,07	-0,39
17,840	0,64	0,08	-0,81
17,860	0,64	0,04	-1,50
17,880	0,64	0,02	-0,34
17,900	0,64	0,03	-0,06
17,920	0,64	0,02	-0,63
17,940	0,64	0,00	-0,77
17,960	0,64	-0,01	-0,57
17,980	0,64	-0,02	-0,21
18,000	0,64	-0,02	-0,23
18,020	0,64	-0,03	-1,29
18,040	0,64	-0,07	-1,40
18,060	0,63	-0,09	-0,10
18,080	0,63	-0,08	-0,15
18,100	0,63	-0,09	-1,02
18,120	0,63	-0,12	-0,45
18,140	0,63	-0,11	-0,18
18,160	0,62	-0,12	-0,67
18,180	0,62	-0,14	-0,33
18,200	0,62	-0,14	-0,20
18,220	0,62	-0,15	-0,44
18,240	0,61	-0,15	-0,34
18,260	0,61	-0,16	-0,10
18,280	0,61	-0,16	-0,21
18,300	0,60	-0,17	-0,34
18,320	0,60	-0,17	-0,02
18,340	0,60	-0,17	-1,18
18,360	0,59	-0,22	-1,40
18,380	0,59	-0,22	1,27
18,400	0,58	-0,17	1,61
18,420	0,58	-0,16	0,34
18,440	0,58	-0,15	0,12
18,460	0,57	-0,15	-0,01
18,480	0,57	-0,16	0,09
18,500	0,57	-0,15	0,31
18,520	0,57	-0,14	0,43
18,540	0,56	-0,13	0,44
18,560	0,56	-0,13	0,31
18,580	0,56	-0,12	0,41
18,600	0,56	-0,11	0,65
18,620	0,55	-0,10	0,55
18,640	0,55	-0,09	0,43
18,660	0,55	-0,08	0,42
18,680	0,55	-0,07	0,53
18,700	0,55	-0,06	0,65
18,720	0,55	-0,04	0,65
18,740	0,55	-0,03	0,65
18,760	0,55	-0,02	0,65
18,780	0,54	0,00	0,54
18,800	0,54	0,00	0,53
18,820	0,55	0,02	0,65
18,840	0,55	0,03	0,54
18,860	0,55	0,04	0,53
18,880	0,55	0,05	0,65
18,900	0,55	0,06	0,54
18,920	0,55	0,07	0,54
18,940	0,55	0,09	0,55
18,960	0,55	0,09	0,43
18,980	0,55	0,10	0,43
19,000	0,56	0,11	0,42
19,020	0,56	0,12	0,55
19,040	0,56	0,13	0,46
19,060	0,56	0,14	0,01
19,080	0,57	0,13	1,27
19,100	0,57	0,19	1,70
19,120	0,57	0,20	-0,85
19,140	0,58	0,15	-1,06
19,160	0,58	0,16	0,12
19,180	0,58	0,16	-0,01
19,200	0,59	0,16	0,12
19,220	0,59	0,16	-1,98E-4
19,240	0,59	0,16	-0,03
19,260	0,60	0,16	0,35
19,280	0,60	0,17	0,08
19,300	0,60	0,17	-0,86
19,320	0,61	0,14	-0,92
19,340	0,61	0,13	-0,22
19,360	0,61	0,13	-0,15
19,380	0,61	0,12	0,37
19,400	0,62	0,14	-0,12
19,420	0,62	0,12	-1,40
19,440	0,62	0,09	-0,14
19,460	0,62	0,11	0,37
19,480	0,63	0,10	-1,56
19,500	0,63	0,05	-1,00
19,520	0,63	0,06	0,79
19,540	0,63	0,08	-0,89
19,560	0,63	0,03	-1,96
19,580	0,63	0,00	-0,47
19,600	0,63	0,01	0,02
19,620	0,63	0,00	-0,24
19,640	0,63	-7,90E-4	0,15
19,660	0,63	0,01	-0,18
19,680	0,63	-0,01	-1,88
19,700	0,63	-0,06	-1,45
19,720	0,63	-0,07	0,51
19,740	0,63	-0,04	-0,36
19,760	0,63	-0,08	-1,28
19,780	0,63	-0,10	-0,07
19,800	0,62	-0,08	-0,52
19,820	0,62	-0,12	-0,85
19,840	0,62	-0,12	0,38
19,860	0,62	-0,10	-0,26
19,880	0,62	-0,13	-1,04
19,900	0,61	-0,14	-0,23
19,920	0,61	-0,14	-0,08
19,940	0,61	-0,15	-0,44
19,960	0,60	-0,15	-0,24
19,980	0,60	-0,16	-1,41
20,000	0,60	-0,21	-0,11
20,020	0,59	-0,16	2,90
20,040	0,59	-0,09	-1,06
20,060	0,59	-0,20	-2,91
20,080	0,58	-0,21	1,27
20,100	0,58	-0,15	1,63
20,120	0,58	-0,15	0,11
20,140	0,57	-0,15	0,10
20,160	0,57	-0,14	0,22
20,180	0,57	-0,14	0,20
20,200	0,57	-0,13	0,43
20,220	0,56	-0,12	0,44
20,240	0,56	-0,12	0,31
20,260	0,56	-0,11	0,55
20,280	0,56	-0,09	0,44
20,300	0,56	-0,09	0,31
20,320	0,55	-0,08	0,53
20,340	0,55	-0,07	0,65
20,360	0,55	-0,06	0,55
20,380	0,55	-0,05	0,42
20,400	0,55	-0,04	0,53
20,420	0,55	-0,03	0,65
20,440	0,55	-0,01	0,54
20,460	0,55	-0,01	0,53
20,480	0,55	0,01	0,64
20,500	0,55	0,02	0,64
20,520	0,55	0,03	0,65
20,540	0,55	0,05	0,55
20,560	0,55	0,06	0,42
20,580	0,55	0,06	0,54
20,600	0,55	0,08	0,55
20,620	0,55	0,09	0,42
20,640	0,56	0,09	0,54
20,660	0,56	0,11	0,55
20,680	0,56	0,12	0,32
20,700	0,56	0,12	0,30
20,720	0,56	0,13	0,55
20,740	0,57	0,14	0,25
20,760	0,57	0,14	1,16
20,780	0,57	0,19	1,58
20,800	0,58	0,20	-0,85
20,820	0,58	0,15	-1,06
20,840	0,58	0,16	0,12
20,860	0,59	0,16	-0,01
20,880	0,59	0,16	0,11
20,900	0,59	0,16	0,12
20,920	0,60	0,16	0,01
20,940	0,60	0,16	-0,10
20,960	0,60	0,16	-0,20
20,980	0,61	0,16	-0,44
21,000	0,61	0,14	-0,33
21,020	0,61	0,14	-0,20
21,040	0,62	0,13	-0,48
21,060	0,62	0,12	0,14
21,080	0,62	0,14	-0,15
21,100	0,62	0,12	-1,02
21,120	0,63	0,10	-0,40
21,140	0,63	0,10	-0,76
21,160	0,63	0,07	-0,72
21,180	0,63	0,07	0,32
21,200	0,63	0,08	-0,92
21,220	0,63	0,04	-1,61
21,240	0,63	0,02	-0,36
21,260	0,63	0,02	0,13
21,280	0,63	0,02	-0,07
21,300	0,63	0,02	-0,49
21,320	0,64	0,00	-1,08
21,340	0,64	-0,02	-1,04
21,360	0,63	-0,04	-0,17
21,380	0,63	-0,03	-0,72
21,400	0,63	-0,07	-1,18
21,420	0,63	-0,08	0,17
21,440	0,63	-0,06	-0,48
21,460	0,63	-0,10	-1,28
21,480	0,63	-0,11	-0,10
21,500	0,62	-0,10	-0,16
21,520	0,62	-0,12	-0,92
21,540	0,62	-0,14	-0,23
21,560	0,62	-0,13	0,05
21,580	0,61	-0,14	-0,55
21,600	0,61	-0,15	-0,44
21,620	0,61	-0,15	-0,32
21,640	0,60	-0,16	-0,34
21,660	0,60	-0,17	-0,12
21,680	0,60	-0,17	-0,01
21,700	0,59	-0,17	0,11
21,720	0,59	-0,16	0,22
21,740	0,59	-0,16	-1,18
21,760	0,59	-0,21	-1,38
21,780	0,58	-0,21	1,17
21,800	0,58	-0,16	1,37
21,820	0,57	-0,16	0,32
21,840	0,57	-0,15	0,33
21,860	0,57	-0,15	0,22
21,880	0,56	-0,14	0,21
21,900	0,56	-0,14	0,31
21,920	0,56	-0,13	0,54
21,940	0,56	-0,12	0,55
21,960	0,55	-0,11	0,43
21,980	0,55	-0,10	0,43
22,000	0,55	-0,09	0,42
22,020	0,55	-0,08	0,53
22,040	0,55	-0,07	0,65
22,060	0,55	-0,06	0,54
22,080	0,54	-0,05	0,53
22,100	0,54	-0,04	0,65
22,120	0,54	-0,02	0,54
22,140	0,54	-0,01	0,52
22,160	0,54	0,00	0,76
22,180	0,54	0,02	0,65
22,200	0,54	0,02	0,53
22,220	0,54	0,04	0,65
22,240	0,54	0,05	0,54
22,260	0,55	0,06	0,53
22,280	0,55	0,07	0,65
22,300	0,55	0,09	0,55
22,320	0,55	0,09	0,42
22,340	0,55	0,10	0,55
22,360	0,55	0,12	0,44
22,380	0,56	0,12	0,30
22,400	0,56	0,13	0,55
22,420	0,56	0,14	0,45
22,440	0,56	0,15	0,21
22,460	0,57	0,15	0,21
22,480	0,57	0,15	0,21
22,500	0,57	0,16	0,22
22,520	0,58	0,16	0,01
22,540	0,58	0,16	1,28
22,560	0,58	0,21	1,60
22,580	0,59	0,22	-0,96
22,600	0,59	0,18	-1,15
22,620	0,60	0,18	-0,21
22,640	0,60	0,17	-0,33
22,660	0,60	0,16	-0,22
22,680	0,61	0,16	-0,09
22,700	0,61	0,16	-0,30
22,720	0,61	0,15	-0,60
22,740	0,62	0,14	0,22
22,760	0,62	0,16	0,35
22,780	0,62	0,15	-1,32
22,800	0,62	0,10	-1,08
22,820	0,63	0,11	0,41
22,840	0,63	0,12	-0,64
22,860	0,63	0,08	-0,80
22,880	0,63	0,09	-0,13
22,900	0,63	0,08	-1,25
22,920	0,63	0,04	-0,50
22,940	0,64	0,06	0,47
22,960	0,64	0,06	-1,27
22,980	0,64	0,01	-1,61
23,000	0,64	-0,01	-0,33
23,020	0,64	-0,01	-0,22
23,040	0,64	-0,02	-0,23
23,060	0,64	-0,02	0,05
23,080	0,64	-0,02	-0,42
23,100	0,64	-0,03	-1,90
23,120	0,63	-0,09	-1,20
23,140	0,63	-0,08	0,39
23,160	0,63	-0,08	-0,40
23,180	0,63	-0,10	-0,82
23,200	0,63	-0,11	0,03
23,220	0,62	-0,10	-0,25
23,240	0,62	-0,12	-1,17
23,260	0,62	-0,14	0,01
23,280	0,62	-0,12	-0,02
23,300	0,62	-0,14	-1,13
23,320	0,61	-0,16	-0,47
23,340	0,61	-0,16	0,01
23,360	0,61	-0,16	-0,11
23,380	0,60	-0,17	-0,14
23,400	0,60	-0,17	0,22
23,420	0,60	-0,16	0,14
23,440	0,59	-0,16	-0,13
23,460	0,59	-0,16	-1,19
23,480	0,59	-0,21	-1,28
23,500	0,58	-0,22	1,28
23,520	0,58	-0,16	1,50
23,540	0,57	-0,16	0,21
23,560	0,57	-0,15	0,32
23,580	0,57	-0,14	0,32
23,600	0,57	-0,14	0,31
23,620	0,56	-0,13	0,44
23,640	0,56	-0,12	0,31
23,660	0,56	-0,12	0,42
23,680	0,56	-0,10	0,55
23,700	0,55	-0,10	0,42
23,720	0,55	-0,09	0,54
23,740	0,55	-0,07	0,55
23,760	0,55	-0,07	0,42
23,780	0,55	-0,06	0,53
23,800	0,55	-0,04	0,65
23,820	0,55	-0,03	0,65
23,840	0,55	-0,02	0,65
23,860	0,55	0,00	0,54
23,880	0,55	0,00	0,53
23,900	0,55	0,02	0,65
23,920	0,55	0,03	0,54
23,940	0,55	0,04	0,53
23,960	0,55	0,05	0,65
23,980	0,55	0,06	0,55
24,000	0,55	0,07	0,43
24,020	0,55	0,08	0,42
24,040	0,55	0,09	0,54
24,060	0,55	0,10	0,55
24,080	0,56	0,11	0,31
24,100	0,56	0,12	0,43
24,120	0,56	0,13	0,46
24,140	0,56	0,13	0,10
24,160	0,57	0,13	0,20
24,180	0,57	0,14	0,44
24,200	0,57	0,15	0,24
24,220	0,58	0,15	1,30
24,240	0,58	0,20	1,38
24,260	0,58	0,21	-1,19
24,280	0,59	0,15	-1,18
24,300	0,59	0,16	0,22
24,320	0,59	0,16	0,14
24,340	0,60	0,16	-0,31
24,360	0,60	0,15	-0,47
24,380	0,60	0,15	0,01
24,400	0,61	0,15	-0,07
24,420	0,61	0,14	-0,57
24,440	0,61	0,13	-0,24
24,460	0,61	0,13	0,19
24,480	0,62	0,14	-0,89
24,500	0,62	0,10	-0,58
24,520	0,62	0,11	-0,06
24,540	0,62	0,10	-0,65
24,560	0,62	0,09	-0,53
24,580	0,63	0,07	-0,67
24,600	0,63	0,06	-0,30
24,620	0,63	0,06	-0,55
24,640	0,63	0,04	-0,39
24,660	0,63	0,05	-0,88
24,680	0,63	0,00	-0,69
24,700	0,63	0,02	0,00
24,720	0,63	0,00	-1,40
24,740	0,63	-0,04	-0,12
24,760	0,63	0,00	0,14
24,780	0,63	-0,03	-1,59
24,800	0,63	-0,07	-0,56
24,820	0,63	-0,05	-0,29
24,840	0,63	-0,08	-0,72
24,860	0,63	-0,08	0,24
24,880	0,62	-0,07	-4,55E-4
24,900	0,62	-0,08	-1,34
24,920	0,62	-0,12	-0,85
24,940	0,62	-0,12	0,40
24,960	0,62	-0,10	-0,49
24,980	0,61	-0,14	-1,03
25,000	0,61	-0,15	-1,76
25,020	0,61	-0,21	-0,28
25,040	0,60	-0,16	3,37
25,060	0,60	-0,07	0,42
25,080	0,60	-0,14	-2,20
25,100	0,60	-0,16	-1,25
25,120	0,59	-0,19	-6,54
25,140	0,59	-0,42	0,53
25,160	0,58	-0,17	13,87
25,180	0,58	0,13	2,20
25,200	0,58	-0,08	-8,53
25,220	0,58	-0,21	-2,96
25,240	0,57	-0,20	1,95
25,260	0,57	-0,13	1,86
25,280	0,57	-0,12	0,09
25,300	0,57	-0,13	0,31
25,320	0,56	-0,11	0,56
25,340	0,56	-0,10	0,32
25,360	0,56	-0,10	0,30
25,380	0,56	-0,09	0,54
25,400	0,56	-0,08	2,08
25,420	0,55	-0,01	0,30
25,440	0,56	-0,07	-2,53
25,460	0,55	-0,11	1,02
25,480	0,55	-0,03	1,87
25,500	0,55	-0,03	-0,18
25,520	0,55	-0,03	0,84
25,540	0,55	0,00	1,13
25,560	0,55	0,01	0,44
25,580	0,55	0,02	0,31
25,600	0,55	0,02	0,53
25,620	0,55	0,04	0,64
25,640	0,55	0,05	0,67
25,660	0,55	0,06	0,31
25,680	0,55	0,06	0,40
25,700	0,56	0,08	0,80
25,720	0,56	0,09	0,21
25,740	0,56	0,09	0,30
25,760	0,56	0,11	0,56
25,780	0,56	0,11	1,72
25,800	0,57	0,18	0,54
25,820	0,57	0,13	-2,58
25,840	0,57	0,07	-0,02
25,860	0,57	0,13	3,12
25,880	0,58	0,20	1,97
25,900	0,58	0,21	-1,13
25,920	0,58	0,15	-3,27
25,940	0,59	0,08	-1,66
25,960	0,59	0,09	3,04
25,980	0,59	0,20	3,02
26,000	0,60	0,21	-1,16
26,020	0,60	0,16	-1,49
26,040	0,60	0,15	-0,34
26,060	0,60	0,14	-0,09
26,080	0,61	0,14	-0,34
26,100	0,61	0,13	-0,10
26,120	0,61	0,14	-0,18
26,140	0,62	0,12	-0,70
26,160	0,62	0,11	0,04
26,180	0,62	0,12	-0,38
26,200	0,62	0,10	-1,04
26,220	0,62	0,08	-0,12
26,240	0,63	0,09	0,07
26,260	0,63	0,08	-0,74
26,280	0,63	0,06	-0,88
26,300	0,63	0,05	-0,65
26,320	0,63	0,04	-0,52
26,340	0,63	0,03	-0,77
26,360	0,63	0,00	-0,60
26,380	0,63	0,00	0,17
26,400	0,63	0,01	-0,50
26,420	0,63	-0,02	-0,98
26,440	0,63	-0,03	0,19
26,460	0,63	-0,01	-11,95
26,480	0,63	-0,51	-17,78
26,500	0,61	-0,72	6,09
26,520	0,60	-0,26	18,52
26,540	0,60	0,02	1,99
26,560	0,60	-0,18	-6,27
26,580	0,59	-0,23	5,89
26,600	0,59	0,05	9,36
26,620	0,60	0,14	3,55
26,640	0,60	0,19	-7,93
26,660	0,60	-0,17	-17,50
26,680	0,59	-0,51	-4,11
26,700	0,58	-0,34	8,55
26,720	0,58	-0,16	6,86
26,740	0,58	-0,06	4,90
26,760	0,58	0,03	0,39
26,780	0,58	-0,05	-4,75
26,800	0,58	-0,16	-3,26
26,820	0,57	-0,18	-1,58
26,840	0,57	-0,22	-0,97
26,860	0,56	-0,22	3,18
26,880	0,56	-0,09	5,59
26,900	0,56	0,01	1,76
26,920	0,56	-0,02	-3,16
26,940	0,56	-0,12	-1,44
26,960	0,55	-0,08	1,81
26,980	0,55	-0,05	3,84
27,000	0,55	0,07	0,38
27,020	0,56	-0,03	-6,69
27,040	0,55	-0,19	-0,92
27,060	0,55	-0,07	2,93
27,080	0,55	-0,08	1,12
27,100	0,55	-0,02	2,15
27,120	0,55	0,01	-0,73
27,140	0,55	-0,05	-1,23
27,160	0,55	-0,04	0,85
27,180	0,55	-0,02	1,01
27,200	0,55	0,00	0,47
27,220	0,55	3,41E-4	-0,12
27,240	0,55	0,00	0,06
27,260	0,55	0,00	0,59
27,280	0,55	0,02	1,38
27,300	0,55	0,06	0,23
27,320	0,55	0,03	0,07
27,340	0,55	0,06	-0,76
27,360	0,55	0,00	-2,36
27,380	0,55	-0,03	0,40
27,400	0,55	0,01	0,76
27,420	0,55	0,00	2,20
27,440	0,55	0,10	1,70
27,460	0,55	0,06	-1,16
27,480	0,55	0,06	1,23
27,500	0,55	0,11	3,65
27,520	0,56	0,20	1,37
27,540	0,56	0,17	-5,56
27,560	0,56	-0,02	-3,53
27,580	0,56	0,03	1,99
27,600	0,56	0,06	1,18
27,620	0,56	0,07	2,59
27,640	0,57	0,16	2,53
27,660	0,57	0,18	1,98
27,680	0,57	0,24	-0,86
27,700	0,58	0,14	-8,23
27,720	0,58	-0,09	-3,11
27,740	0,58	0,02	-5,03
27,760	0,58	-0,29	0,32
27,780	0,56	0,03	22,31
27,800	0,58	0,60	-10,53
27,820	0,59	-0,39	-31,56
27,840	0,57	-0,66	5,73
27,860	0,56	-0,16	14,51
27,880	0,56	-0,08	3,73
27,900	0,56	-0,01	1,80
27,920	0,56	-0,01	32,95
27,940	0,56	1,31	46,06
27,960	0,61	1,84	-18,60
27,980	0,63	0,56	-44,59
28,000	0,63	0,05	-12,83
28,020	0,63	0,05	-0,41
28,040	0,64	0,04	-0,65
28,060	0,64	0,02	-0,54
28,080	0,64	0,01	-0,52
28,100	0,64	0,00	-0,75
28,120	0,64	-0,02	-0,74
28,140	0,64	-0,03	-0,86
28,160	0,64	-0,05	-0,94
28,180	0,63	-0,07	0,05
28,200	0,63	-0,05	-0,52
28,220	0,63	-0,09	-0,85
28,240	0,63	-0,08	0,41
28,260	0,63	-0,07	-0,60
28,280	0,63	-0,11	-1,07
28,300	0,62	-0,11	-2,67
28,320	0,62	-0,21	0,07
28,340	0,62	-0,11	-5,15
28,360	0,62	-0,42	0,08
28,380	0,60	-0,11	2,18
28,400	0,61	-0,33	-6,54
28,420	0,59	-0,37	16,51
28,440	0,60	0,33	7,38
28,460	0,60	-0,07	-9,97
28,480	0,60	-0,07	-0,63
28,500	0,60	-0,10	-2,06
28,520	0,59	-0,15	-3,47
28,540	0,59	-0,24	-0,68
28,560	0,58	-0,18	2,79
28,580	0,58	-0,13	-1,37
28,600	0,58	-0,23	-0,71
28,620	0,57	-0,15	4,55
28,640	0,57	-0,05	1,83
28,660	0,57	-0,08	-3,89
28,680	0,57	-0,21	-2,64
28,700	0,56	-0,19	2,39
28,720	0,56	-0,11	2,19
28,740	0,56	-0,10	0,24
28,760	0,56	-0,10	-0,17
28,780	0,55	-0,11	0,64
28,800	0,55	-0,08	0,80
28,820	0,55	-0,07	0,18
28,840	0,55	-0,07	0,64
28,860	0,55	-0,05	0,78
28,880	0,55	-0,04	0,42
28,900	0,55	-0,03	0,53
28,920	0,55	-0,02	0,65
28,940	0,55	0,00	0,54
28,960	0,55	0,00	0,54
28,980	0,55	0,02	0,55
29,000	0,55	0,03	0,41
29,020	0,55	0,03	0,64
29,040	0,55	0,05	0,78
29,060	0,55	0,06	0,44
29,080	0,55	0,07	0,31
29,100	0,55	0,08	0,42
29,120	0,55	0,08	0,53
29,140	0,56	0,10	0,66
29,160	0,56	0,11	0,45
29,180	0,56	0,12	0,21
29,200	0,56	0,12	0,31
29,220	0,56	0,13	0,34
29,240	0,57	0,13	1,50
29,260	0,57	0,19	1,70
29,280	0,57	0,20	-0,72
29,300	0,58	0,16	-2,54
29,320	0,58	0,10	-1,86
29,340	0,58	0,09	1,26
29,360	0,58	0,15	1,78
29,380	0,59	0,16	-0,46
29,400	0,59	0,13	-0,19
29,420	0,59	0,15	0,81
29,440	0,60	0,16	1,41
29,460	0,60	0,21	1,69
29,480	0,60	0,23	-3,28
29,500	0,61	0,07	-3,08
29,520	0,61	0,11	3,38
29,540	0,61	0,21	0,35
29,560	0,62	0,12	-2,79
29,580	0,62	0,10	-0,23
29,600	0,62	0,11	0,08
29,620	0,62	0,10	-0,87
29,640	0,62	0,08	-0,79
29,660	0,63	0,07	-0,30
29,680	0,63	0,07	-0,57
29,700	0,63	0,05	-0,27
29,720	0,63	0,06	0,53
29,740	0,63	0,07	-0,59
29,760	0,63	0,03	-1,34
29,780	0,63	0,01	-0,77
29,800	0,63	7,90E-4	-0,54
29,820	0,63	-0,01	-0,49
29,840	0,63	-0,02	-1,09
29,860	0,63	-0,05	-1,04
29,880	0,63	-0,06	-0,26
29,900	0,63	-0,06	0,38
29,920	0,63	-0,04	-0,23
29,940	0,63	-0,07	-1,41
29,960	0,62	-0,10	0,02
29,980	0,62	-0,07	-0,14
30,000	0,62	-0,11	-1,17
30,020	0,62	-0,12	-2,67E-4
30,040	0,62	-0,11	0,06
30,060	0,61	-0,11	-0,42
30,080	0,61	-0,12	-3,54
30,100	0,61	-0,26	-0,10
30,120	0,60	-0,13	5,59
30,140	0,60	-0,03	-0,98
30,160	0,60	-0,17	-2,21
30,180	0,60	-0,12	-1,43
30,200	0,60	-0,22	-2,93
30,220	0,59	-0,24	4,26
30,240	0,59	-0,05	4,06
30,260	0,59	-0,08	-3,98
30,280	0,58	-0,21	-1,39
30,300	0,58	-0,13	1,41
30,320	0,58	-0,16	-1,88
30,340	0,57	-0,21	3,10
30,360	0,57	-0,03	2,26
30,380	0,57	-0,12	-2,12
30,400	0,57	-0,12	0,31
30,420	0,57	-0,10	0,44
30,440	0,56	-0,10	0,41
30,460	0,56	-0,09	-0,86
30,480	0,56	-0,13	0,47
30,500	0,56	-0,07	1,48
30,520	0,55	-0,07	0,39
30,540	0,55	-0,05	0,99
30,560	0,55	-0,04	0,57
30,580	0,55	-0,03	1,61
30,600	0,55	0,03	1,80
30,620	0,55	0,04	-0,66
30,640	0,55	0,00	-2,03
30,660	0,55	-0,04	-0,93
30,680	0,55	-0,03	1,48
30,700	0,55	0,02	1,90
30,720	0,55	0,04	1,02
30,740	0,55	0,06	0,32
30,760	0,55	0,05	0,30
30,780	0,56	0,07	0,67
30,800	0,56	0,08	0,19
30,820	0,56	0,08	2,06
30,840	0,56	0,16	0,67
30,860	0,57	0,11	-2,83
30,880	0,57	0,05	0,22
30,900	0,57	0,12	3,12
30,920	0,57	0,18	1,95
30,940	0,57	0,19	-2,45
30,960	0,58	0,08	-3,05
30,980	0,58	0,07	1,49
31,000	0,58	0,14	3,15
31,020	0,58	0,20	1,53
31,040	0,59	0,20	-1,53
31,060	0,59	0,14	-1,31
31,080	0,59	0,15	0,35
31,100	0,60	0,15	-1,82E-4
31,120	0,60	0,15	0,06
31,140	0,60	0,15	-0,60
31,160	0,61	0,12	-1,34
31,180	0,61	0,10	0,64
31,200	0,61	0,15	0,94
31,220	0,61	0,14	-1,48
31,240	0,62	0,09	-0,49
31,260	0,62	0,12	0,33
31,280	0,62	0,10	-0,35
31,300	0,62	0,10	-8,64
31,320	0,62	-0,24	-15,72
31,340	0,61	-0,53	10,77
31,360	0,60	0,19	28,53
31,380	0,62	0,62	1,50
31,400	0,63	0,25	-14,82
31,420	0,63	0,02	-6,05
31,440	0,63	0,00	-0,47
31,460	0,63	0,00	0,02
31,480	0,63	0,01	-0,18
31,500	0,63	0,00	-0,65
31,520	0,63	-0,02	-0,53
31,540	0,63	-0,02	-0,59
31,560	0,63	-0,04	-1,39
31,580	0,63	-0,08	-0,23
31,600	0,62	-0,05	0,07
31,620	0,62	-0,08	-0,79
31,640	0,62	-0,09	-0,30
31,660	0,62	-0,09	-0,55
31,680	0,62	-0,11	-0,43
31,700	0,62	-0,11	-0,44
31,720	0,61	-0,13	-0,18
31,740	0,61	-0,11	-1,90
31,760	0,61	-0,20	-2,71
31,780	0,60	-0,22	1,63
31,800	0,60	-0,14	0,16
31,820	0,60	-0,22	-0,75
31,840	0,59	-0,17	3,44
31,860	0,59	-0,08	0,93
31,880	0,59	-0,13	-1,40
31,900	0,59	-0,13	-0,02
31,920	0,58	-0,13	0,14
31,940	0,58	-0,13	1,20
31,960	0,58	-0,08	-0,25
31,980	0,58	-0,14	-2,82
32,000	0,57	-0,19	0,21
32,020	0,57	-0,13	1,73
32,040	0,57	-0,13	0,20
32,060	0,57	-0,12	0,45
32,080	0,56	-0,11	0,22
32,100	0,56	-0,11	0,18
32,120	0,56	-0,10	0,66
32,140	0,56	-0,09	0,33
32,160	0,55	-0,09	1,84
32,180	0,55	-0,01	0,43
32,200	0,55	-0,07	-2,76
32,220	0,55	-0,12	0,85
32,240	0,55	-0,04	4,05
32,260	0,55	0,04	1,93
32,280	0,55	0,04	-2,38
32,300	0,55	-0,06	-2,39
32,320	0,55	-0,05	0,84
32,340	0,55	-0,02	1,02
32,360	0,55	-0,01	1,70
32,380	0,55	0,05	3,69
32,400	0,55	0,13	0,57
32,420	0,55	0,07	-3,04
32,440	0,55	0,01	0,21
32,460	0,55	0,08	1,82
32,480	0,56	0,09	0,33
32,500	0,56	0,09	1,71
32,520	0,56	0,15	0,63
32,540	0,56	0,12	-2,35
32,560	0,56	0,06	1,74
32,580	0,57	0,18	1,84
32,600	0,57	0,13	-2,82
32,620	0,57	0,07	0,10
32,640	0,57	0,14	3,13
32,660	0,58	0,20	1,71
32,680	0,58	0,21	-0,93
32,700	0,58	0,16	-1,48
32,720	0,59	0,15	-0,48
32,740	0,59	0,14	0,21
32,760	0,59	0,15	0,35
32,780	0,60	0,15	-6,18E-13
32,800	0,60	0,15	0,02
32,820	0,60	0,16	-0,19
32,840	0,61	0,15	-0,55
32,860	0,61	0,13	-0,50
32,880	0,61	0,13	0,33
32,900	0,61	0,15	0,35
32,920	0,62	0,14	-1,35
32,940	0,62	0,09	-0,71
32,960	0,62	0,11	0,17
32,980	0,62	0,10	-0,55
33,000	0,63	0,09	-0,42
33,020	0,63	0,08	-0,55
33,040	0,63	0,07	-0,38
33,060	0,63	0,07	-1,02
33,080	0,63	0,03	-0,51
33,100	0,63	0,05	0,52
33,120	0,63	0,05	-0,50
33,140	0,63	0,03	-0,97
33,160	0,63	0,01	-0,97
33,180	0,63	-0,01	-1,01
33,200	0,63	-0,03	-0,60
33,220	0,63	-0,04	0,16
33,240	0,63	-0,02	-0,38
33,260	0,63	-0,05	-1,01
33,280	0,63	-0,06	-0,55
33,300	0,63	-0,07	-0,43
33,320	0,63	-0,08	-0,40
33,340	0,63	-0,09	-0,81
33,360	0,62	-0,11	-0,11
33,380	0,62	-0,09	-0,02
33,400	0,62	-0,11	-1,15
33,420	0,62	-0,14	-0,24
33,440	0,61	-0,12	0,16
33,460	0,61	-0,13	-0,44
33,480	0,61	-0,14	-0,32
33,500	0,61	-0,15	-0,32
33,520	0,60	-0,15	-0,24
33,540	0,60	-0,16	-1,30
33,560	0,60	-0,21	-1,40
33,580	0,59	-0,21	1,29
33,600	0,59	-0,15	1,40
33,620	0,59	-0,15	-0,02
33,640	0,58	-0,16	0,22
33,660	0,58	-0,15	0,23
33,680	0,58	-0,15	-0,01
33,700	0,57	-0,15	0,08
33,720	0,57	-0,14	0,43
33,740	0,57	-0,13	0,47
33,760	0,57	-0,12	-0,02
33,780	0,56	-0,13	0,18
33,800	0,56	-0,12	0,66
33,820	0,56	-0,10	0,44
33,840	0,56	-0,10	0,31
33,860	0,55	-0,09	0,43
33,880	0,55	-0,08	0,41
33,900	0,55	-0,07	0,64
33,920	0,55	-0,06	0,79
33,940	0,55	-0,04	0,33
33,960	0,55	-0,04	0,18
33,980	0,55	-0,04	0,64
34,000	0,55	-0,02	0,77
34,020	0,55	0,00	0,54
34,040	0,55	0,00	0,53
34,060	0,55	0,02	0,64
34,080	0,55	0,03	0,66
34,100	0,55	0,04	0,44
34,120	0,55	0,05	0,30
34,140	0,55	0,05	0,65
34,160	0,55	0,07	0,55
34,180	0,55	0,08	0,42
34,200	0,55	0,09	0,55
34,220	0,56	0,10	0,31
34,240	0,56	0,10	0,43
34,260	0,56	0,12	0,46
34,280	0,56	0,12	0,09
34,300	0,56	0,12	0,20
34,320	0,57	0,13	1,86
34,340	0,57	0,19	1,62
34,360	0,58	0,19	-1,31
34,380	0,58	0,14	-1,07
34,400	0,58	0,15	-1,07
34,420	0,58	0,10	-1,49
34,440	0,58	0,09	2,45
34,460	0,59	0,20	2,98
34,480	0,59	0,21	-0,73
34,500	0,60	0,17	-0,98
34,520	0,60	0,17	-0,71
34,540	0,60	0,14	-1,27
34,560	0,60	0,12	-0,28
34,580	0,61	0,13	0,55
34,600	0,61	0,14	0,54
34,620	0,61	0,15	-0,86
34,640	0,62	0,11	-0,93
34,660	0,62	0,11	-0,07
34,680	0,62	0,10	-0,54
34,700	0,62	0,09	-0,57
34,720	0,62	0,08	-0,20
34,740	0,62	0,08	-0,37
34,760	0,63	0,07	-1,18
34,780	0,63	0,04	0,09
34,800	0,63	0,07	0,49
34,820	0,63	0,06	-1,51
34,840	0,63	0,01	-1,51
34,860	0,63	0,00	-0,22
34,880	0,63	7,88E-4	-0,13
34,900	0,63	-0,01	0,12
34,920	0,63	0,01	0,13
34,940	0,63	0,00	-1,37
34,960	0,63	-0,05	-1,89
34,980	0,63	-0,08	0,08
35,000	0,63	-0,05	0,59
35,020	0,63	-0,06	-1,38
35,040	0,62	-0,10	-0,36
35,060	0,62	-0,07	0,21
35,080	0,62	-0,09	-1,14
35,100	0,62	-0,12	-0,32
35,120	0,62	-0,11	-0,30
35,140	0,62	-0,13	-0,61
35,160	0,61	-0,13	0,37
35,180	0,61	-0,11	-0,16
35,200	0,61	-0,14	-0,92
35,220	0,60	-0,15	-0,28
35,240	0,60	-0,15	0,56
35,260	0,60	-0,13	0,41
35,280	0,60	-0,13	-0,57
35,300	0,59	-0,15	-1,66
35,320	0,59	-0,20	0,24
35,340	0,59	-0,14	1,49
35,360	0,58	-0,14	-1,18
35,380	0,58	-0,19	0,11
35,400	0,58	-0,13	1,51
35,420	0,57	-0,13	0,09
35,440	0,57	-0,13	0,31
35,460	0,57	-0,12	0,45
35,480	0,57	-0,11	0,21
35,500	0,56	-0,11	0,31
35,520	0,56	-0,10	0,43
35,540	0,56	-0,09	0,43
35,560	0,56	-0,08	0,44
35,580	0,56	-0,07	0,32
35,600	0,56	-0,07	0,29
35,620	0,55	-0,06	0,76
35,640	0,55	-0,04	0,67
35,660	0,55	-0,04	0,31
35,680	0,55	-0,03	0,54
35,700	0,55	-0,01	0,55
35,720	0,55	0,00	0,43
35,740	0,55	0,00	0,42
35,760	0,55	0,01	0,54
35,780	0,55	0,03	0,55
35,800	0,55	0,03	0,41
35,820	0,55	0,04	0,65
35,840	0,55	0,06	0,55
35,860	0,56	0,06	0,31
35,880	0,56	0,07	0,43
35,900	0,56	0,08	0,43
35,920	0,56	0,09	0,44
35,940	0,56	0,10	0,22
35,960	0,56	0,10	1,72
35,980	0,57	0,17	0,53
36,000	0,57	0,12	-2,47
36,020	0,57	0,07	0,23
36,040	0,57	0,13	1,40
36,060	0,58	0,12	1,28
36,080	0,58	0,18	1,60
36,100	0,58	0,19	-0,95
36,120	0,59	0,14	-1,25
36,140	0,59	0,14	-0,36
36,160	0,59	0,13	0,05
36,180	0,59	0,14	0,98
36,200	0,60	0,17	-1,86
36,220	0,60	0,07	-1,82
36,240	0,60	0,09	3,69
36,260	0,60	0,21	0,84
36,280	0,61	0,13	-3,19
36,300	0,61	0,09	0,32
36,320	0,61	0,14	0,45
36,340	0,62	0,10	-1,13
36,360	0,62	0,10	-0,43
36,380	0,62	0,09	-0,47
36,400	0,62	0,08	0,10
36,420	0,62	0,09	-1,11
36,440	0,62	0,03	-0,78
36,460	0,62	0,06	1,00
36,480	0,63	0,07	-0,56
36,500	0,63	0,04	-1,66
36,520	0,63	0,01	-1,16
36,540	0,63	-0,01	-0,14
36,560	0,63	0,00	0,22
36,580	0,63	-3,92E-4	0,16
36,600	0,63	0,01	-0,29
36,620	0,63	-0,01	-1,97
36,640	0,63	-0,07	-1,75
36,660	0,62	-0,08	1,26
36,680	0,62	-0,02	0,52
36,700	0,62	-0,06	-2,00
36,720	0,62	-0,10	0,10
36,740	0,62	-0,06	0,37
36,760	0,62	-0,09	-1,65
36,780	0,62	-0,12	0,22
36,800	0,61	-0,08	-1,20
36,820	0,61	-0,17	-1,30
36,840	0,61	-0,13	3,10
36,860	0,61	-0,05	-0,49
36,880	0,60	-0,15	-2,63
36,900	0,60	-0,15	0,65
36,920	0,60	-0,12	0,73
36,940	0,60	-0,12	-1,85
36,960	0,59	-0,20	-0,47
36,980	0,59	-0,14	3,03
37,000	0,59	-0,08	-1,19
37,020	0,59	-0,19	-2,81
37,040	0,58	-0,19	1,52
37,060	0,58	-0,13	1,39
37,080	0,58	-0,13	0,08
37,100	0,57	-0,13	0,46
37,120	0,57	-0,12	-0,01
37,140	0,57	-0,13	1,59
37,160	0,57	-0,05	0,55
37,180	0,57	-0,10	-1,08
37,200	0,56	-0,10	0,53
37,220	0,56	-0,08	-0,85
37,240	0,56	-0,13	0,35
37,260	0,56	-0,07	1,46
37,280	0,55	-0,07	0,63
37,300	0,55	-0,04	0,92
37,320	0,55	-0,03	0,11
37,340	0,55	-0,04	0,06
37,360	0,55	-0,03	0,64
37,380	0,55	-0,01	0,76
37,400	0,55	0,00	0,64
37,420	0,55	0,01	0,65
37,440	0,55	0,03	0,56
37,460	0,55	0,03	0,21
37,480	0,55	0,03	0,17
37,500	0,55	0,04	0,76
37,520	0,55	0,06	0,66
37,540	0,56	0,07	0,43
37,560	0,56	0,08	0,44
37,580	0,56	0,09	0,30
37,600	0,56	0,09	0,57
37,620	0,56	0,11	0,09
37,640	0,57	0,10	0,28
37,660	0,57	0,12	0,92
37,680	0,57	0,13	0,13
37,700	0,57	0,12	-0,25
37,720	0,57	0,12	0,20
37,740	0,58	0,13	0,33
37,760	0,58	0,14	1,64
37,780	0,58	0,20	1,53
37,800	0,59	0,20	-1,51
37,820	0,59	0,14	-1,52
37,840	0,59	0,14	0,11
37,860	0,60	0,14	0,10
37,880	0,60	0,14	0,20
37,900	0,60	0,15	0,54
37,920	0,61	0,16	-0,82
37,940	0,61	0,12	-1,48
37,960	0,61	0,10	0,93
37,980	0,61	0,15	0,20
38,000	0,62	0,11	-1,03
38,020	0,62	0,11	-0,19
38,040	0,62	0,10	-0,54
38,060	0,62	0,09	-0,56
38,080	0,62	0,08	-0,32
38,100	0,62	0,08	-0,23
38,120	0,63	0,07	-1,40
38,140	0,63	0,02	-0,21
38,160	0,63	0,06	1,12
38,180	0,63	0,07	-0,69
38,200	0,63	0,04	-1,46
38,220	0,63	0,01	-0,81
38,240	0,63	0,00	-0,08
38,260	0,63	0,01	-0,36
38,280	0,63	-0,01	-1,17
38,300	0,63	-0,04	-1,43
38,320	0,63	-0,07	0,17
38,340	0,63	-0,03	0,95
38,360	0,63	-0,03	-1,43
38,380	0,63	-0,09	-1,18
38,400	0,62	-0,08	0,17
38,420	0,62	-0,08	-0,56
38,440	0,62	-0,10	-0,15
38,460	0,62	-0,09	-2,45
38,480	0,62	-0,20	-0,42
38,500	0,61	-0,11	3,87
38,520	0,61	-0,04	-2,60
38,540	0,61	-0,21	-4,28
38,560	0,60	-0,21	3,36
38,580	0,60	-0,08	3,53
38,600	0,60	-0,07	-2,89
38,620	0,60	-0,19	-3,37
38,640	0,59	-0,21	0,93
38,660	0,59	-0,16	2,87
38,680	0,59	-0,09	2,22
38,700	0,59	-0,07	-1,22
38,720	0,59	-0,14	-3,75
38,740	0,58	-0,22	-1,55
38,760	0,58	-0,20	3,37
38,780	0,57	-0,08	1,83
38,800	0,57	-0,13	-2,70
38,820	0,57	-0,19	1,61
38,840	0,57	-0,06	1,93
38,860	0,57	-0,11	-2,48
38,880	0,56	-0,16	0,34
38,900	0,56	-0,10	1,60
38,920	0,56	-0,10	0,30
38,940	0,56	-0,09	0,66
38,960	0,55	-0,07	0,44
38,980	0,55	-0,07	0,30
39,000	0,55	-0,06	0,65
39,020	0,55	-0,04	0,67
39,040	0,55	-0,03	0,31
39,060	0,55	-0,03	0,41
39,080	0,55	-0,02	0,65
39,100	0,55	0,00	0,54
39,120	0,55	0,00	0,53
39,140	0,55	0,02	0,66
39,160	0,55	0,03	0,44
39,180	0,55	0,03	0,29
39,200	0,55	0,04	0,76
39,220	0,55	0,06	0,67
39,240	0,55	0,07	0,31
39,260	0,55	0,08	0,43
39,280	0,56	0,09	0,43
39,300	0,56	0,09	0,45
39,320	0,56	0,10	0,09
39,340	0,56	0,10	1,82
39,360	0,56	0,18	0,78
39,380	0,57	0,13	-2,69
39,400	0,57	0,07	0,09
39,420	0,57	0,13	1,83
39,440	0,57	0,14	0,24
39,460	0,58	0,14	1,31
39,480	0,58	0,19	1,37
39,500	0,58	0,20	-2,59
39,520	0,59	0,09	-1,39
39,540	0,59	0,14	2,79
39,560	0,59	0,20	0,23
39,580	0,60	0,15	-1,39
39,600	0,60	0,15	-0,10
39,620	0,60	0,15	-0,19
39,640	0,60	0,14	-0,58
39,660	0,61	0,12	-0,15
39,680	0,61	0,13	0,40
39,700	0,61	0,14	-0,54
39,720	0,62	0,11	-0,56
39,740	0,62	0,12	-0,30
39,760	0,62	0,10	-0,56
39,780	0,62	0,10	-0,30
39,800	0,62	0,09	-0,58
39,820	0,62	0,07	-0,04
39,840	0,63	0,09	-0,81
39,860	0,63	0,04	-1,55
39,880	0,63	0,02	0,30
39,900	0,63	0,05	0,67
39,920	0,63	0,05	-0,84
39,940	0,63	0,02	-1,12
39,960	0,63	0,01	-0,54
39,980	0,63	0,00	-0,48
40,000	0,63	-0,01	-1,20
40,020	0,63	-0,05	-1,12
40,040	0,63	-0,06	0,66
40,060	0,63	-0,02	0,61
40,080	0,63	-0,03	-1,56
40,100	0,63	-0,09	-0,94
40,120	0,62	-0,07	0,05
40,140	0,62	-0,09	-0,56
40,160	0,62	-0,09	-0,31
40,180	0,62	-0,10	-0,47
40,200	0,62	-0,11	0,07
40,220	0,62	-0,10	-0,73
40,240	0,61	-0,14	-1,13
40,260	0,61	-0,14	0,93
40,280	0,61	-0,11	0,22
40,300	0,61	-0,13	-1,26
40,320	0,60	-0,16	-0,38
40,340	0,60	-0,15	0,32
40,360	0,60	-0,14	0,33
40,380	0,59	-0,13	0,26
40,400	0,59	-0,13	-0,22
40,420	0,59	-0,14	-1,65
40,440	0,59	-0,20	0,00
40,460	0,58	-0,14	2,88
40,480	0,58	-0,08	0,64
40,500	0,58	-0,12	-2,10
40,520	0,58	-0,17	-1,74
40,540	0,57	-0,19	2,77
40,560	0,57	-0,06	2,05
40,580	0,57	-0,10	-2,48
40,600	0,56	-0,16	0,33
40,620	0,56	-0,09	1,72
40,640	0,56	-0,09	0,22
40,660	0,56	-0,08	1,70
40,680	0,56	-0,02	0,75
40,700	0,56	-0,05	-2,24
40,720	0,55	-0,11	0,30
40,740	0,55	-0,04	2,16
40,760	0,55	-0,02	0,55
40,780	0,55	-0,02	0,31
40,800	0,55	-0,01	0,55
40,820	0,55	0,00	0,44
40,840	0,55	0,01	0,31
40,860	0,55	0,02	0,42
40,880	0,55	0,02	0,51
40,900	0,55	0,04	0,89
40,920	0,55	0,06	0,58
40,940	0,56	0,06	-0,03
40,960	0,56	0,06	0,42
40,980	0,56	0,08	0,55
41,000	0,56	0,08	0,43
41,020	0,56	0,09	0,46
41,040	0,56	0,10	-0,03
41,060	0,57	0,09	1,83
41,080	0,57	0,17	0,67
41,100	0,57	0,12	-2,82
41,120	0,57	0,06	1,75
41,140	0,57	0,19	1,76
41,160	0,58	0,13	-3,27
41,180	0,58	0,06	1,35
41,200	0,58	0,18	3,84
41,220	0,59	0,21	-2,62
41,240	0,59	0,08	-3,97
41,260	0,59	0,05	2,75
41,280	0,59	0,19	3,77
41,300	0,60	0,20	-1,67
41,320	0,60	0,12	-2,49
41,340	0,60	0,10	0,45
41,360	0,61	0,14	0,32
41,380	0,61	0,12	-1,05
41,400	0,61	0,10	0,02
41,420	0,61	0,12	-0,19
41,440	0,61	0,09	-0,58
41,460	0,62	0,10	-0,03
41,480	0,62	0,09	-1,05
41,500	0,62	0,05	7,76E-4
41,520	0,62	0,09	0,15
41,540	0,62	0,06	-1,73
41,560	0,62	0,02	-0,42
41,580	0,62	0,04	0,85
41,600	0,62	0,05	-0,25
41,620	0,63	0,03	-1,10
41,640	0,63	0,01	-0,76
41,660	0,63	0,00	-0,62
41,680	0,63	-0,02	-0,97
41,700	0,63	-0,04	-1,04
41,720	0,62	-0,06	-0,31
41,740	0,62	-0,05	0,98
41,760	0,62	-0,02	-0,32
41,780	0,62	-0,06	-1,79
41,800	0,62	-0,09	0,36
41,820	0,62	-0,05	-0,03
41,840	0,62	-0,09	-1,05
41,860	0,62	-0,09	-0,02
41,880	0,61	-0,09	-1,18
41,900	0,61	-0,14	0,18
41,920	0,61	-0,08	-0,69
41,940	0,61	-0,16	-1,78
41,960	0,60	-0,15	3,11
41,980	0,60	-0,04	0,92
42,000	0,60	-0,12	-4,23
42,020	0,60	-0,21	-0,05
42,040	0,59	-0,12	3,67
42,060	0,59	-0,06	-1,97
42,080	0,59	-0,20	-1,88
42,100	0,58	-0,14	3,24
42,120	0,58	-0,07	-1,06
42,140	0,58	-0,18	-1,40
42,160	0,58	-0,13	1,60
42,180	0,58	-0,12	-1,17
42,200	0,57	-0,17	1,51
42,220	0,57	-0,06	1,59
42,240	0,57	-0,11	-0,96
42,260	0,57	-0,09	0,33
42,280	0,57	-0,10	0,20
42,300	0,56	-0,09	0,54
42,320	0,56	-0,07	-1,19
42,340	0,56	-0,13	1,83
42,360	0,56	-4,56E-4	2,17
42,380	0,56	-0,05	-2,59
42,400	0,56	-0,10	0,31
42,420	0,55	-0,04	2,04
42,440	0,55	-0,02	0,65
42,460	0,55	-0,01	0,56
42,480	0,55	0,00	0,22
42,500	0,55	-6,92E-4	0,19
42,520	0,55	0,01	0,53
42,540	0,55	0,02	0,54
42,560	0,55	0,03	2,06
42,580	0,56	0,10	0,65
42,600	0,56	0,06	-2,49
42,620	0,56	0,00	0,56
42,640	0,56	0,08	1,75
42,660	0,56	0,07	1,48
42,680	0,56	0,14	0,63
42,700	0,57	0,10	-2,25
42,720	0,57	0,05	0,35
42,740	0,57	0,11	1,40
42,760	0,57	0,10	1,48
42,780	0,57	0,17	0,67
42,800	0,58	0,13	-2,80
42,820	0,58	0,06	1,23
42,840	0,58	0,18	3,98
42,860	0,58	0,22	-2,93
42,880	0,59	0,06	-4,63
42,900	0,59	0,03	3,77
42,920	0,59	0,21	2,78
42,940	0,60	0,14	-4,19
42,960	0,60	0,04	-0,47
42,980	0,60	0,13	4,47
43,000	0,60	0,22	-0,12
43,020	0,61	0,12	-3,06
43,040	0,61	0,10	1,88
43,060	0,61	0,20	-1,38
43,080	0,61	0,05	-1,99
43,100	0,61	0,12	3,00
43,120	0,62	0,17	-0,77
43,140	0,62	0,09	-1,92
43,160	0,62	0,09	-0,81
43,180	0,62	0,05	-0,13
43,200	0,62	0,08	0,24
43,220	0,63	0,06	-1,46
43,240	0,63	0,03	-0,84
43,260	0,63	0,03	0,22
43,280	0,63	0,03	0,16
43,300	0,63	0,04	-0,38
43,320	0,63	0,02	-0,95
43,340	0,63	0,00	-1,18
43,360	0,63	-0,03	-1,28
43,380	0,63	-0,05	-0,16
43,400	0,63	-0,03	0,47
43,420	0,63	-0,03	0,23
43,440	0,63	-0,03	-2,69
43,460	0,63	-0,14	-1,86
43,480	0,62	-0,10	3,98
43,500	0,62	0,02	0,25
43,520	0,62	-0,09	-2,86
43,540	0,62	-0,10	-2,23
43,560	0,62	-0,18	-0,17
43,580	0,61	-0,10	3,73
43,600	0,61	-0,03	-2,51
43,620	0,61	-0,20	-2,52
43,640	0,60	-0,13	3,67
43,660	0,60	-0,06	-0,40
43,680	0,60	-0,15	-2,37
43,700	0,60	-0,15	0,32
43,720	0,60	-0,13	0,37
43,740	0,59	-0,14	-0,23
43,760	0,59	-0,14	0,10
43,780	0,59	-0,13	-1,18
43,800	0,58	-0,19	-1,40
43,820	0,58	-0,19	1,29
43,840	0,58	-0,14	2,90
43,860	0,57	-0,07	0,44
43,880	0,57	-0,12	-2,80
43,900	0,57	-0,19	1,50
43,920	0,57	-0,06	1,83
43,940	0,57	-0,11	-1,08
43,960	0,56	-0,10	0,53
43,980	0,56	-0,09	-0,96
44,000	0,56	-0,14	0,33
44,020	0,56	-0,08	1,72
44,040	0,56	-0,07	0,31
44,060	0,55	-0,07	0,42
44,080	0,55	-0,06	0,53
44,100	0,55	-0,04	0,66
44,120	0,55	-0,03	0,44
44,140	0,55	-0,03	0,31
44,160	0,55	-0,02	0,54
44,180	0,55	0,00	0,54
44,200	0,55	0,00	0,53
44,220	0,55	0,02	0,65
44,240	0,55	0,03	0,55
44,260	0,55	0,04	0,43
44,280	0,55	0,05	0,43
44,300	0,55	0,06	0,43
44,320	0,55	0,06	0,43
44,340	0,56	0,07	0,43
44,360	0,56	0,08	0,43
44,380	0,56	0,09	0,42
44,400	0,56	0,10	0,55
44,420	0,56	0,11	0,35
44,440	0,57	0,11	-0,13
44,460	0,57	0,11	1,71
44,480	0,57	0,18	0,66
44,500	0,57	0,13	-2,58
44,520	0,57	0,08	0,01
44,540	0,58	0,13	2,78
44,560	0,58	0,19	1,74
44,580	0,59	0,20	-1,25
44,600	0,59	0,14	-1,87
44,620	0,59	0,13	0,08
44,640	0,59	0,14	0,46
44,660	0,60	0,15	0,14
44,680	0,60	0,15	-0,20
44,700	0,60	0,14	-0,46
44,720	0,60	0,13	-0,11
44,740	0,61	0,13	-0,08
44,760	0,61	0,13	-0,48
44,780	0,61	0,11	0,15
44,800	0,61	0,13	-0,28
44,820	0,62	0,10	-0,79
44,840	0,62	0,10	-0,29
44,860	0,62	0,09	-0,67
44,880	0,62	0,07	-0,33
44,900	0,62	0,08	-0,19
44,920	0,63	0,07	-0,53
44,940	0,63	0,06	-0,65
44,960	0,63	0,04	-0,57
44,980	0,63	0,03	-0,21
45,000	0,63	0,03	-0,19
45,020	0,63	0,03	-0,51
45,040	0,63	0,01	-0,86
45,060	0,63	-0,01	-0,87
45,080	0,63	-0,02	-0,78
45,100	0,63	-0,04	-0,46
45,120	0,63	-0,04	-0,12
45,140	0,63	-0,04	0,08
45,160	0,63	-0,04	-0,88
45,180	0,63	-0,08	-0,70
45,200	0,62	-0,07	0,09
45,220	0,62	-0,07	-1,01
45,240	0,62	-0,11	-0,63
45,260	0,62	-0,10	0,51
45,280	0,62	-0,09	-0,36
45,300	0,62	-0,11	-1,30
45,320	0,61	-0,14	0,09
45,340	0,61	-0,11	0,42
45,360	0,61	-0,12	-0,81
45,380	0,60	-0,14	-0,15
45,400	0,60	-0,13	0,50
45,420	0,60	-0,12	-1,72
45,440	0,60	-0,20	-2,12
45,460	0,59	-0,21	2,89
45,480	0,59	-0,08	3,39
45,500	0,59	-0,07	-1,28
45,520	0,59	-0,13	-2,94
45,540	0,58	-0,19	-1,40
45,560	0,58	-0,19	2,90
45,580	0,58	-0,07	1,81
45,600	0,58	-0,12	-2,35
45,620	0,57	-0,17	0,12
45,640	0,57	-0,11	1,49
45,660	0,57	-0,11	0,32
45,680	0,56	-0,10	0,32
45,700	0,56	-0,10	0,30
45,720	0,56	-0,09	0,67
45,740	0,56	-0,07	0,33
45,760	0,56	-0,07	0,17
45,780	0,56	-0,06	0,80
45,800	0,56	-0,04	0,22
45,820	0,55	-0,05	0,15
45,840	0,55	-0,04	0,98
45,860	0,55	-0,01	0,79
45,880	0,55	0,00	0,32
45,900	0,55	-6,91E-4	0,31
45,920	0,55	0,01	0,44
45,940	0,55	0,02	0,36
45,960	0,55	0,02	-0,13
45,980	0,55	0,01	0,48
46,000	0,55	0,04	-2,71
46,020	0,56	-0,10	-8,84
46,040	0,55	-0,31	-0,45
46,060	0,54	-0,12	7,58
46,080	0,55	-0,01	1,08
46,100	0,54	-0,07	0,89
46,120	0,54	0,03	3,40
46,140	0,54	0,06	4,16
46,160	0,54	0,19	1,87
46,180	0,55	0,14	-2,00
46,200	0,55	0,11	1,88
46,220	0,56	0,21	-0,06
46,240	0,56	0,11	-2,52
46,260	0,56	0,11	2,28
46,280	0,56	0,20	4,90
46,300	0,57	0,31	2,82
46,320	0,58	0,32	-0,29
46,340	0,58	0,30	-2,04
46,360	0,59	0,23	-1,93
46,380	0,59	0,22	-3,10
46,400	0,60	0,11	-4,89
46,420	0,59	0,02	-1,64
46,440	0,60	0,04	0,15
46,460	0,60	0,03	-0,65
46,480	0,60	0,02	2,03
46,500	0,60	0,11	3,99
46,520	0,60	0,18	-1,20
46,540	0,60	0,06	-5,27
46,560	0,61	-0,03	-1,38
46,580	0,60	0,01	1,24
46,600	0,61	0,02	-1,20
46,620	0,60	-0,04	2,80
46,640	0,60	0,13	5,88
46,660	0,61	0,20	-0,34
46,680	0,61	0,11	-1,79
46,700	0,61	0,12	1,76
46,720	0,62	0,19	1,62
46,740	0,62	0,19	-2,13
46,760	0,62	0,10	-5,11
46,780	0,62	-0,02	-3,18
46,800	0,62	-0,03	-2,65
46,820	0,62	-0,12	-0,91
46,840	0,62	-0,06	4,22
46,860	0,62	0,05	-3,82
46,880	0,62	-0,22	-5,26
46,900	0,61	-0,16	5,38
46,920	0,61	-9,42E-4	1,68
46,940	0,61	-0,10	-1,87
46,960	0,61	-0,08	0,09
46,980	0,61	-0,09	-1,01
47,000	0,61	-0,12	-0,42
47,020	0,60	-0,11	-2,10
47,040	0,60	-0,20	-0,31
47,060	0,60	-0,12	3,87
47,080	0,60	-0,05	0,20
47,100	0,60	-0,11	-3,96
47,120	0,59	-0,20	-0,31
47,140	0,59	-0,13	2,60
47,160	0,59	-0,10	-1,64
47,180	0,58	-0,19	-3,02
47,200	0,58	-0,22	1,39
47,220	0,57	-0,14	0,17
47,240	0,58	-0,21	-0,97
47,260	0,57	-0,17	4,94
47,280	0,57	-0,02	0,80
47,300	0,56	-0,14	0,16
47,320	0,56	-0,01	0,92
47,340	0,56	-0,11	0,02
47,360	0,56	-0,01	2,91
47,380	0,56	0,01	-1,64
47,400	0,56	-0,08	0,11
47,420	0,56	0,01	0,20
47,440	0,56	-0,07	-1,25
47,460	0,56	-0,04	2,67
47,480	0,56	0,04	0,25
47,500	0,56	-0,03	-3,39
47,520	0,56	-0,10	0,07
47,540	0,56	-0,02	2,17
47,560	0,56	-0,01	0,53
47,580	0,56	0,00	0,65
47,600	0,56	0,02	0,56
47,620	0,56	0,02	0,21
47,640	0,56	0,03	0,30
47,660	0,56	0,03	0,53
47,680	0,56	0,05	0,67
47,700	0,56	0,06	0,23
47,720	0,56	0,06	1,47
47,740	0,56	0,12	0,75
47,760	0,57	0,09	-2,32
47,780	0,56	0,03	1,38
47,800	0,57	0,14	1,92
47,820	0,57	0,10	-2,46
47,840	0,57	0,04	1,62
47,860	0,57	0,17	1,73
47,880	0,58	0,11	-1,43
47,900	0,58	0,11	1,97
47,920	0,58	0,19	-1,27
47,940	0,58	0,06	-1,91
47,960	0,58	0,11	3,72
47,980	0,59	0,21	-1,10
48,000	0,59	0,07	-2,57
48,020	0,59	0,11	3,03
48,040	0,60	0,19	0,26
48,060	0,60	0,12	-1,92
48,080	0,60	0,11	0,73
48,100	0,60	0,15	-0,29
48,120	0,61	0,10	-0,83
48,140	0,61	0,11	0,16
48,160	0,61	0,11	-0,55
48,180	0,61	0,09	-0,48
48,200	0,61	0,09	0,15
48,220	0,62	0,10	-0,28
48,240	0,62	0,08	-0,85
48,260	0,62	0,06	0,41
48,280	0,62	0,09	-0,55
48,300	0,62	0,04	-1,87
48,320	0,62	0,02	-0,17
48,340	0,62	0,03	0,59
48,360	0,62	0,04	0,11
48,380	0,63	0,04	-1,17
48,400	0,63	0,00	-1,37
48,420	0,63	-0,02	-0,45
48,440	0,63	-0,02	-0,25
48,460	0,62	-0,03	0,21
48,480	0,62	-0,01	0,35
48,500	0,62	-0,01	-1,28
48,520	0,62	-0,06	-1,58
48,540	0,62	-0,08	0,72
48,560	0,62	-0,03	-0,14
48,580	0,62	-0,08	-1,16
48,600	0,62	-0,08	-0,08
48,620	0,62	-0,08	-0,45
48,640	0,61	-0,10	-0,16
48,660	0,61	-0,09	-0,91
48,680	0,61	-0,14	-0,40
48,700	0,61	-0,11	0,65
48,720	0,61	-0,11	-0,80
48,740	0,60	-0,14	-0,27
48,760	0,60	-0,12	0,61
48,780	0,60	-0,11	-1,61
48,800	0,60	-0,18	-1,98
48,820	0,59	-0,19	2,70
48,840	0,59	-0,08	3,03
48,860	0,59	-0,07	-2,72
48,880	0,59	-0,19	-2,70
48,900	0,58	-0,18	1,64
48,920	0,58	-0,12	1,40
48,940	0,58	-0,13	-0,03
48,960	0,57	-0,12	0,33
48,980	0,57	-0,11	0,22
49,000	0,57	-0,11	0,20
49,020	0,57	-0,10	0,44
49,040	0,56	-0,09	0,33
49,060	0,56	-0,09	0,21
49,080	0,56	-0,09	0,31
49,100	0,56	-0,08	0,55
49,120	0,56	-0,06	0,44
49,140	0,56	-0,06	0,31
49,160	0,55	-0,05	0,54
49,180	0,55	-0,04	0,55
49,200	0,55	-0,03	0,32
49,220	0,55	-0,03	0,30
49,240	0,55	-0,02	0,65
49,260	0,55	-6,90E-4	0,66
49,280	0,55	0,01	0,43
49,300	0,55	0,02	0,44
49,320	0,55	0,03	0,31
49,340	0,55	0,03	0,41
49,360	0,55	0,04	0,65
49,380	0,56	0,06	0,55
49,400	0,56	0,06	0,44
49,420	0,56	0,07	0,32
49,440	0,56	0,08	0,30
49,460	0,56	0,08	0,55
49,480	0,56	0,10	0,46
49,500	0,56	0,10	7,60E-4
49,520	0,57	0,10	1,48
49,540	0,57	0,16	0,64
49,560	0,57	0,12	-2,45
49,580	0,57	0,06	1,27
49,600	0,58	0,18	3,35
49,620	0,58	0,20	-2,54
49,640	0,58	0,07	-1,99
49,660	0,58	0,12	3,11
49,680	0,59	0,20	0,59
49,700	0,59	0,14	-1,60
49,720	0,59	0,13	-0,48
49,740	0,60	0,12	0,07
49,760	0,60	0,14	0,62
49,780	0,60	0,15	-0,40
49,800	0,61	0,12	-0,86
49,820	0,61	0,11	0,50
49,840	0,61	0,14	-0,28
49,860	0,61	0,10	-0,82
49,880	0,61	0,11	0,05
49,900	0,62	0,10	-0,54
49,920	0,62	0,09	-0,58
49,940	0,62	0,08	-0,10
49,960	0,62	0,08	-0,17
49,980	0,62	0,08	-0,82
50,000	0,62	0,05	0,02
50,020	0,63	0,08	-0,10
50,040	0,63	0,05	-1,56
50,060	0,63	0,01	-0,93
50,080	0,63	0,01	-0,12
50,100	0,63	0,01	0,03
50,120	0,63	0,01	-0,29
50,140	0,63	0,00	-0,69
50,160	0,63	-0,02	-0,11
50,180	0,63	-0,01	0,01
50,200	0,63	-0,02	-1,44
50,220	0,63	-0,06	-1,10
50,240	0,63	-0,06	0,65
50,260	0,62	-0,04	-0,73
50,280	0,62	-0,09	-1,07
50,300	0,62	-0,08	0,15
50,320	0,62	-0,09	-0,31
50,340	0,62	-0,09	-0,39
50,360	0,62	-0,10	-0,94
50,380	0,61	-0,13	-0,02
50,400	0,61	-0,10	0,29
50,420	0,61	-0,12	-0,69
50,440	0,61	-0,13	-0,11
50,460	0,60	-0,12	-0,10
50,480	0,60	-0,13	-0,23
50,500	0,60	-0,13	0,01
50,520	0,60	-0,13	-0,12
50,540	0,59	-0,14	0,10
50,560	0,59	-0,13	-1,17
50,580	0,59	-0,18	-1,63
50,600	0,58	-0,19	2,79
50,620	0,58	-0,07	1,84
50,640	0,58	-0,12	-2,69
50,660	0,58	-0,18	-0,03
50,680	0,57	-0,12	1,85
50,700	0,57	-0,11	0,22
50,720	0,57	-0,11	0,09
50,740	0,57	-0,10	0,32
50,760	0,56	-0,10	0,31
50,780	0,56	-0,09	0,44
50,800	0,56	-0,08	0,31
50,820	0,56	-0,08	0,43
50,840	0,56	-0,06	0,43
50,860	0,56	-0,06	0,42
50,880	0,56	-0,05	0,55
50,900	0,55	-0,04	0,44
50,920	0,55	-0,03	0,32
50,940	0,55	-0,03	0,30
50,960	0,55	-0,02	0,65
50,980	0,55	-6,91E-4	0,66
51,000	0,55	0,01	0,42
51,020	0,55	0,02	0,54
51,040	0,55	0,03	0,55
51,060	0,55	0,04	0,33
51,080	0,55	0,04	0,19
51,100	0,56	0,05	0,53
51,120	0,56	0,06	0,66
51,140	0,56	0,07	0,44
51,160	0,56	0,08	0,33
51,180	0,56	0,09	0,21
51,200	0,56	0,09	0,11
51,220	0,57	0,09	1,59
51,240	0,57	0,15	0,64
51,260	0,57	0,12	-2,46
51,280	0,57	0,06	1,64
51,300	0,57	0,18	1,63
51,320	0,58	0,12	-3,17
51,340	0,58	0,05	1,62
51,360	0,58	0,19	3,38
51,380	0,59	0,19	-2,92
51,400	0,59	0,07	-1,63
51,420	0,59	0,12	2,93
51,440	0,59	0,19	-0,12
51,460	0,60	0,12	-1,41
51,480	0,60	0,13	0,15
51,500	0,60	0,13	-0,49
51,520	0,60	0,11	0,24
51,540	0,61	0,14	-0,03
51,560	0,61	0,11	-1,03
51,580	0,61	0,09	-0,23
51,600	0,61	0,10	0,03
51,620	0,61	0,10	-0,29
51,640	0,62	0,09	-0,69
51,660	0,62	0,07	-0,10
51,680	0,62	0,08	-0,15
51,700	0,62	0,06	-1,04
51,720	0,62	0,04	-0,12
51,740	0,62	0,06	0,09
51,760	0,62	0,05	-0,97
51,780	0,62	0,02	-1,03
51,800	0,62	0,00	-0,35
51,820	0,62	0,00	0,02
51,840	0,62	0,01	-0,19
51,860	0,62	0,00	-0,52
51,880	0,62	-0,02	-0,73
51,900	0,62	-0,03	-1,03
51,920	0,62	-0,06	-0,38
51,940	0,62	-0,05	0,42
51,960	0,62	-0,04	-0,75
51,980	0,62	-0,08	-0,82
52,000	0,62	-0,07	0,03
52,020	0,62	-0,08	-0,32
52,040	0,62	-0,09	-0,29
52,060	0,61	-0,09	-0,68
52,080	0,61	-0,11	-0,23
52,100	0,61	-0,10	0,04
52,120	0,61	-0,11	-0,48
52,140	0,60	-0,12	0,14
52,160	0,60	-0,11	-0,34
52,180	0,60	-0,13	-0,15
52,200	0,60	-0,11	0,52
52,220	0,60	-0,11	-2,12
52,240	0,59	-0,20	-0,03
52,260	0,59	-0,11	3,44
52,280	0,59	-0,06	-2,14
52,300	0,59	-0,20	-1,11
52,320	0,58	-0,10	2,37
52,340	0,58	-0,10	-2,10
52,360	0,58	-0,19	1,35
52,380	0,57	-0,05	2,31
52,400	0,58	-0,09	-2,70
52,420	0,57	-0,16	0,11
52,440	0,57	-0,09	1,60
52,460	0,57	-0,09	0,30
52,480	0,57	-0,08	0,56
52,500	0,56	-0,07	0,20
52,520	0,56	-0,07	0,40
52,540	0,56	-0,05	0,80
52,560	0,56	-0,04	0,22
52,580	0,56	-0,04	0,08
52,600	0,56	-0,04	0,43
52,620	0,56	-0,03	0,42
52,640	0,56	-0,02	0,54
52,660	0,56	0,00	0,55
52,680	0,56	0,00	0,43
52,700	0,56	0,01	0,43
52,720	0,56	0,02	0,42
52,740	0,56	0,03	0,54
52,760	0,56	0,04	0,55
52,780	0,56	0,05	0,33
52,800	0,56	0,06	0,21
52,820	0,56	0,06	0,31
52,840	0,56	0,07	0,43
52,860	0,56	0,08	0,44
52,880	0,57	0,09	0,33
52,900	0,57	0,09	0,21
52,920	0,57	0,09	0,32
52,940	0,57	0,10	0,23
52,960	0,57	0,10	1,51
52,980	0,58	0,16	0,09
53,000	0,58	0,11	-1,19
53,020	0,58	0,12	0,46
53,040	0,59	0,13	-1,51
53,060	0,59	0,06	1,28
53,080	0,59	0,18	1,62
53,100	0,59	0,12	-1,27
53,120	0,59	0,13	-0,08
53,140	0,60	0,12	-0,59
53,160	0,60	0,10	1,52
53,180	0,60	0,18	0,12
53,200	0,60	0,11	-1,50
53,220	0,61	0,12	-0,18
53,240	0,61	0,10	-0,68
53,260	0,61	0,09	-0,23
53,280	0,61	0,09	0,03
53,300	0,61	0,09	-0,25
53,320	0,62	0,08	-1,17
53,340	0,62	0,04	-0,04
53,360	0,62	0,08	0,55
53,380	0,62	0,07	-0,90
53,400	0,62	0,04	-0,45
53,420	0,62	0,05	-0,13
53,440	0,62	0,04	-1,20
53,460	0,62	3,89E-4	-1,09
53,480	0,62	-0,01	0,44
53,500	0,62	0,02	0,45
53,520	0,62	0,01	-1,07
53,540	0,62	-0,02	-1,30
53,560	0,62	-0,04	0,15
53,580	0,62	-0,02	-0,26
53,600	0,62	-0,05	-0,89
53,620	0,62	-0,05	-1,77
53,640	0,62	-0,12	-2,74
53,660	0,61	-0,16	0,57
53,680	0,61	-0,10	0,23
53,700	0,61	-0,15	-1,50
53,720	0,61	-0,16	1,07
53,740	0,60	-0,11	1,23
53,760	0,60	-0,11	0,65
53,780	0,60	-0,09	0,63
53,800	0,60	-0,08	-0,27
53,820	0,60	-0,10	-3,72
53,840	0,59	-0,23	-3,10
53,860	0,59	-0,22	-0,71
53,880	0,59	-0,26	-0,47
53,900	0,58	-0,24	7,31
53,920	0,58	0,03	3,77
53,940	0,58	-0,09	-3,93
53,960	0,57	-0,13	5,20
53,980	0,57	0,12	5,42
54,000	0,58	0,09	
