Messreihe #1	Messreihe #1	Messreihe #1	Messreihe #1
Zeit (s)	Position (m)	Geschwindigkeit (m/s)	Beschleunigung (m/s²)
0.000	0.72		
0.020	0.72	0.18	
0.040	0.73	0.14	-1.73
0.060	0.73	0.11	-1.61
0.080	0.73	0.08	-1.60
0.100	0.73	0.04	-1.71
0.120	0.73	0.01	-1.84
0.140	0.73	-0.03	-1.74
0.160	0.73	-0.06	-1.51
0.180	0.73	-0.09	-1.51
0.200	0.73	-0.12	-1.48
0.220	0.72	-0.15	-1.72
0.240	0.72	-0.19	-1.73
0.260	0.72	-0.22	-1.63
0.280	0.71	-0.26	-1.54
0.300	0.71	-0.28	-1.19
0.320	0.70	-0.30	-1.17
0.340	0.69	-0.33	-1.29
0.360	0.69	-0.35	-1.27
0.380	0.68	-0.38	-1.52
0.400	0.67	-0.42	-1.39
0.420	0.66	-0.44	-1.36
0.440	0.65	-0.47	-3.21
0.460	0.64	-0.56	-2.54
0.480	0.63	-0.57	0.72
0.500	0.62	-0.53	-0.08
0.520	0.61	-0.57	-1.80
0.540	0.60	-0.61	-0.83
0.560	0.59	-0.61	-1.29
0.580	0.57	-0.66	-1.47
0.600	0.56	-0.67	0.87
0.620	0.55	-0.62	0.84
0.640	0.54	-0.63	-0.32
0.660	0.52	-0.64	-0.32
0.680	0.51	-0.65	-0.45
0.700	0.50	-0.65	-0.23
0.720	0.48	-0.65	0.01
0.740	0.47	-0.65	-0.11
0.760	0.46	-0.66	-0.12
0.780	0.44	-0.66	0.09
0.800	0.43	-0.66	0.32
0.820	0.42	-0.65	0.44
0.840	0.41	-0.64	0.32
0.860	0.39	-0.63	0.32
0.880	0.38	-0.63	0.43
0.900	0.37	-0.62	0.43
0.920	0.36	-0.61	0.53
0.940	0.34	-0.60	0.75
0.960	0.33	-0.58	0.85
0.980	0.32	-0.56	1.07
1.000	0.31	-0.54	1.30
1.020	0.30	-0.51	1.08
1.040	0.29	-0.49	1.07
1.060	0.28	-0.47	1.30
1.080	0.27	-0.44	1.08
1.100	0.26	-0.42	0.96
1.120	0.25	-0.40	1.29
1.140	0.25	-0.37	1.51
1.160	0.24	-0.34	1.51
1.180	0.23	-0.31	1.51
1.200	0.23	-0.28	1.50
1.220	0.22	-0.25	1.72
1.240	0.22	-0.21	1.95
1.260	0.21	-0.17	1.62
1.280	0.21	-0.15	1.29
1.300	0.21	-0.12	1.39
1.320	0.20	-0.09	1.83
1.340	0.20	-0.05	1.95
1.360	0.20	-0.01	1.39
1.380	0.20	0.01	1.49
1.400	0.20	0.05	2.04
1.420	0.20	0.09	1.94
1.440	0.21	0.12	1.61
1.460	0.21	0.15	1.61
1.480	0.21	0.19	1.72
1.500	0.22	0.22	1.50
1.520	0.22	0.25	1.50
1.540	0.23	0.28	1.62
1.560	0.23	0.31	1.28
1.580	0.24	0.33	1.39
1.600	0.25	0.37	1.51
1.620	0.25	0.39	1.17
1.640	0.26	0.42	1.38
1.660	0.27	0.45	1.73
1.680	0.28	0.48	1.30
1.700	0.29	0.50	0.96
1.720	0.30	0.52	1.08
1.740	0.31	0.54	0.87
1.760	0.32	0.56	0.65
1.780	0.33	0.57	0.52
1.800	0.34	0.58	0.74
1.820	0.36	0.60	0.97
1.840	0.37	0.62	0.77
1.860	0.38	0.63	0.43
1.880	0.39	0.63	0.42
1.900	0.41	0.65	-1.26
1.920	0.42	0.58	-1.93
1.940	0.43	0.57	1.73
1.960	0.44	0.65	1.57
1.980	0.46	0.63	0.14
2.000	0.47	0.66	3.01
2.020	0.48	0.75	1.55
2.040	0.50	0.72	-2.51
2.060	0.51	0.65	-2.01
2.080	0.52	0.64	0.75
2.100	0.54	0.68	1.11
2.120	0.55	0.69	-3.94
2.140	0.56	0.53	-1.94
2.160	0.57	0.61	4.27
2.180	0.59	0.70	-0.77
2.200	0.60	0.58	-3.52
2.220	0.61	0.56	-1.07
2.240	0.62	0.53	0.23
2.260	0.63	0.56	0.33
2.280	0.64	0.55	-2.20
2.300	0.65	0.48	-2.84
2.320	0.66	0.43	-2.23
2.340	0.67	0.39	-1.34
2.360	0.68	0.38	-0.70
2.380	0.69	0.36	-1.28
2.400	0.69	0.33	-1.38
2.420	0.70	0.30	-1.50
2.440	0.71	0.27	-1.51
2.460	0.71	0.24	-1.38
2.480	0.72	0.21	-1.50
2.500	0.72	0.18	-1.51
2.520	0.72	0.15	-1.37
2.540	0.73	0.13	-1.57
2.560	0.73	0.09	-2.08
2.580	0.73	0.05	-1.74
2.600	0.73	0.02	-1.48
2.620	0.73	-0.01	-1.73
2.640	0.73	-0.05	-1.61
2.660	0.73	-0.08	-1.61
2.680	0.73	-0.11	-1.64
2.700	0.72	-0.14	-1.39
2.720	0.72	-0.17	-1.50
2.740	0.72	-0.20	-1.63
2.760	0.71	-0.23	-1.50
2.780	0.71	-0.26	-1.63
2.800	0.70	-0.30	-1.55
2.820	0.70	-0.33	-1.11
2.840	0.69	-0.34	-0.69
2.860	0.68	-0.35	-1.36
2.880	0.67	-0.40	-1.72
2.900	0.67	-0.42	-3.01
2.920	0.66	-0.52	-3.46
2.940	0.65	-0.56	0.40
2.960	0.64	-0.50	0.91
2.980	0.62	-0.52	-0.85
3.000	0.61	-0.54	-1.01
3.020	0.60	-0.56	-1.79
3.040	0.59	-0.61	-2.47
3.060	0.58	-0.66	-1.38
3.080	0.57	-0.66	1.09
3.100	0.55	-0.62	0.96
3.120	0.54	-0.62	-0.32
3.140	0.53	-0.63	-0.33
3.160	0.52	-0.64	-0.22
3.180	0.50	-0.64	-0.22
3.200	0.49	-0.65	-0.22
3.220	0.48	-0.65	-0.22
3.240	0.46	-0.65	-0.12
3.260	0.45	-0.66	0.10
3.280	0.44	-0.65	0.22
3.300	0.42	-0.65	0.10
3.320	0.41	-0.65	0.20
3.340	0.40	-0.64	0.53
3.360	0.39	-0.63	0.65
3.380	0.37	-0.61	0.55
3.400	0.36	-0.60	0.42
3.420	0.35	-0.60	0.64
3.440	0.34	-0.58	0.87
3.460	0.33	-0.56	0.76
3.480	0.32	-0.55	0.74
3.500	0.30	-0.53	1.18
3.520	0.29	-0.50	1.41
3.540	0.28	-0.47	1.30
3.560	0.27	-0.45	1.08
3.580	0.27	-0.43	1.17
3.600	0.26	-0.40	1.63
3.620	0.25	-0.37	1.30
3.640	0.24	-0.35	1.07
3.660	0.24	-0.32	1.39
3.680	0.23	-0.29	1.63
3.700	0.22	-0.26	1.29
3.720	0.22	-0.24	1.48
3.740	0.21	-0.20	2.50
3.760	0.21	-0.14	1.84
3.780	0.21	-0.13	1.49
3.800	0.21	-0.08	1.95
3.820	0.21	-0.05	1.40
3.840	0.20	-0.03	1.38
3.860	0.20	0.01	1.94
3.880	0.20	0.05	1.64
3.900	0.21	0.07	0.72
3.920	0.21	0.08	1.70
3.940	0.21	0.14	2.49
3.960	0.21	0.18	1.72
3.980	0.22	0.21	1.51
4.000	0.22	0.24	1.18
4.020	0.23	0.26	1.05
4.040	0.23	0.28	1.60
4.060	0.24	0.32	1.95
4.080	0.25	0.36	1.41
4.100	0.25	0.38	0.96
4.120	0.26	0.40	1.17
4.140	0.27	0.42	1.28
4.160	0.28	0.45	1.40
4.180	0.29	0.48	1.18
4.200	0.30	0.50	1.16
4.220	0.31	0.53	1.53
4.240	0.32	0.56	0.88
4.260	0.33	0.56	0.41
4.280	0.34	0.57	0.75
4.300	0.35	0.59	0.76
4.320	0.36	0.60	0.54
4.340	0.38	0.61	0.43
4.360	0.39	0.62	0.42
4.380	0.40	0.63	0.53
4.400	0.41	0.64	0.55
4.420	0.43	0.65	0.23
4.440	0.44	0.65	-0.11
4.460	0.45	0.65	-0.11
4.480	0.47	0.65	0.01
4.500	0.48	0.65	-0.11
4.520	0.49	0.64	-0.11
4.540	0.50	0.64	-0.09
4.560	0.52	0.64	-0.30
4.580	0.53	0.63	-0.53
4.600	0.54	0.62	-0.66
4.620	0.55	0.61	0.93
4.640	0.57	0.66	1.64
4.660	0.58	0.67	-1.38
4.680	0.59	0.60	-2.98
4.700	0.60	0.55	-1.90
4.720	0.62	0.52	-0.93
4.740	0.63	0.51	0.09
4.760	0.64	0.53	-0.99
4.780	0.65	0.47	-0.83
4.800	0.65	0.50	0.39
4.820	0.67	0.49	-2.76
4.840	0.67	0.38	-3.30
4.860	0.68	0.36	-1.19
4.880	0.69	0.34	-1.05
4.900	0.70	0.32	-1.26
4.920	0.70	0.29	-1.50
4.940	0.71	0.26	-1.50
4.960	0.71	0.23	-1.50
4.980	0.72	0.20	-1.50
5.000	0.72	0.17	-1.50
5.020	0.72	0.14	-1.49
5.040	0.73	0.11	-1.60
5.060	0.73	0.07	-1.73
5.080	0.73	0.04	-1.61
5.100	0.73	0.01	-1.42
5.120	0.73	-0.02	-3.19
5.140	0.73	-0.12	-6.60
5.160	0.72	-0.28	1.20
5.180	0.72	-0.07	7.69
5.200	0.72	0.02	-2.85
5.220	0.72	-0.19	-6.13
5.240	0.71	-0.22	-1.64
5.260	0.71	-0.25	-1.22
5.280	0.70	-0.27	-3.41
5.300	0.70	-0.39	-1.79
5.320	0.69	-0.34	2.83
5.340	0.68	-0.27	-0.89
5.360	0.68	-0.38	-2.88
5.380	0.67	-0.39	-2.76
5.400	0.66	-0.49	-8.98
5.420	0.65	-0.75	-0.62
5.440	0.63	-0.51	11.24
5.460	0.63	-0.30	-0.26
5.480	0.62	-0.52	-6.45
5.500	0.61	-0.56	-0.84
5.520	0.60	-0.56	-9.40
5.540	0.59	-0.93	-11.06
5.560	0.56	-1.00	15.04
5.580	0.55	-0.33	17.37
5.600	0.55	-0.30	-7.40
5.620	0.53	-0.63	-8.47
5.640	0.52	-0.64	-0.22
5.660	0.51	-0.64	0.08
5.680	0.50	-0.64	-4.45
5.700	0.48	-0.81	-4.83
5.720	0.46	-0.83	8.58
5.740	0.45	-0.47	4.45
5.760	0.44	-0.65	-4.90
5.780	0.42	-0.67	5.09
5.800	0.42	-0.45	0.96
5.820	0.41	-0.63	-4.48
5.840	0.39	-0.63	0.31
5.860	0.38	-0.62	0.54
5.880	0.37	-0.61	0.53
5.900	0.36	-0.60	0.75
5.920	0.34	-0.58	0.86
5.940	0.33	-0.56	0.87
5.960	0.32	-0.54	0.76
5.980	0.31	-0.53	0.74
6.000	0.30	-0.51	1.07
6.020	0.29	-0.49	1.18
6.040	0.28	-0.47	1.29
6.060	0.27	-0.44	1.52
6.080	0.26	-0.41	1.30
6.100	0.26	-0.38	1.19
6.120	0.25	-0.36	1.18
6.140	0.24	-0.34	1.40
6.160	0.23	-0.30	1.52
6.180	0.23	-0.28	1.28
6.200	0.22	-0.25	1.62
6.220	0.22	-0.21	1.62
6.240	0.21	-0.19	1.39
6.260	0.21	-0.16	1.82
6.280	0.21	-0.11	2.06
6.300	0.21	-0.07	1.51
6.320	0.21	-0.05	1.38
6.340	0.20	-0.02	1.94
6.360	0.20	0.03	1.73
6.380	0.21	0.05	1.50
6.400	0.21	0.08	1.73
6.420	0.21	0.12	1.51
6.440	0.21	0.15	1.39
6.460	0.22	0.17	1.71
6.480	0.22	0.21	2.05
6.500	0.22	0.26	1.73
6.520	0.23	0.28	1.28
6.540	0.23	0.31	1.50
6.560	0.24	0.34	1.51
6.580	0.25	0.37	1.28
6.600	0.26	0.39	1.40
6.620	0.26	0.42	1.19
6.640	0.27	0.44	0.95
6.660	0.28	0.46	1.18
6.680	0.29	0.49	1.18
6.700	0.30	0.51	1.18
6.720	0.31	0.54	1.19
6.740	0.32	0.56	0.97
6.760	0.33	0.57	0.86
6.780	0.35	0.59	0.76
6.800	0.36	0.60	0.55
6.820	0.37	0.61	0.32
6.840	0.38	0.62	0.47
6.860	0.39	0.63	-1.79
6.880	0.41	0.55	-8.86
6.900	0.42	0.28	4.77
6.920	0.42	0.74	18.25
6.940	0.45	1.01	-2.22
6.960	0.46	0.65	-8.99
6.980	0.47	0.65	-0.10
7.000	0.49	0.64	-0.22
7.020	0.50	0.64	-0.10
7.040	0.51	0.64	-0.20
7.060	0.52	0.63	-0.43
7.080	0.54	0.62	-0.43
7.100	0.55	0.61	-0.42
7.120	0.56	0.61	-0.55
7.140	0.57	0.59	-0.44
7.160	0.58	0.59	1.13
7.180	0.60	0.64	0.69
7.200	0.61	0.62	-2.55
7.220	0.62	0.54	-2.93
7.240	0.63	0.50	-1.34
7.260	0.64	0.48	0.57
7.280	0.65	0.52	0.54
7.300	0.66	0.50	-3.21
7.320	0.67	0.39	-3.56
7.340	0.68	0.36	-0.84
7.360	0.69	0.36	-0.91
7.380	0.69	0.32	-1.52
7.400	0.70	0.30	-1.28
7.420	0.70	0.27	-1.37
7.440	0.71	0.24	-1.61
7.460	0.71	0.21	-1.62
7.480	0.72	0.18	-1.50
7.500	0.72	0.15	-1.49
7.520	0.72	0.12	-1.61
7.540	0.73	0.08	-1.62
7.560	0.73	0.05	-1.48
7.580	0.73	0.03	-1.73
7.600	0.73	-0.01	-1.62
7.620	0.73	-0.04	-1.47
7.640	0.73	-0.07	-1.85
7.660	0.72	-0.11	-1.63
7.680	0.72	-0.14	-1.48
7.700	0.72	-0.17	-1.74
7.720	0.71	-0.21	-1.52
7.740	0.71	-0.23	-1.39
7.760	0.71	-0.26	-1.52
7.780	0.70	-0.29	-1.41
7.800	0.69	-0.32	-1.30
7.820	0.69	-0.35	-1.21
7.840	0.68	-0.37	-0.95
7.860	0.67	-0.38	-1.13
7.880	0.66	-0.41	-1.60
7.900	0.66	-0.45	-3.06
7.920	0.65	-0.54	-2.84
7.940	0.63	-0.56	0.09
7.960	0.62	-0.53	0.44
7.980	0.61	-0.54	-0.93
8.000	0.60	-0.57	-1.46
8.020	0.59	-0.60	-0.71
8.040	0.58	-0.60	-1.28
8.060	0.57	-0.65	-1.58
8.080	0.55	-0.66	0.77
8.100	0.54	-0.62	0.63
8.120	0.53	-0.64	-0.56
8.140	0.51	-0.65	-0.24
8.160	0.50	-0.65	0.12
8.180	0.49	-0.64	0.01
8.200	0.48	-0.65	-0.09
8.220	0.46	-0.65	-0.46
8.240	0.45	-0.66	0.05
8.260	0.44	-0.64	1.03
8.280	0.42	-0.62	0.02
8.300	0.41	-0.64	-0.25
8.320	0.40	-0.63	0.43
8.340	0.39	-0.63	0.54
8.360	0.37	-0.61	0.54
8.380	0.36	-0.60	0.52
8.400	0.35	-0.59	0.86
8.420	0.34	-0.57	0.98
8.440	0.33	-0.55	0.86
8.460	0.32	-0.53	0.97
8.480	0.30	-0.51	1.09
8.500	0.29	-0.49	0.86
8.520	0.29	-0.48	0.85
8.540	0.28	-0.46	1.29
8.560	0.27	-0.43	1.41
8.580	0.26	-0.40	1.29
8.600	0.25	-0.38	1.40
8.620	0.24	-0.35	1.51
8.640	0.24	-0.32	1.51
8.660	0.23	-0.29	1.62
8.680	0.23	-0.25	1.62
8.700	0.22	-0.22	1.51
8.720	0.22	-0.19	1.40
8.740	0.21	-0.16	1.39
8.760	0.21	-0.13	1.72
8.780	0.21	-0.10	1.84
8.800	0.21	-0.06	1.61
8.820	0.21	-0.03	1.61
8.840	0.21	0.00	1.83
8.860	0.21	0.04	1.83
8.880	0.21	0.08	1.61
8.900	0.21	0.11	1.72
8.920	0.21	0.15	1.73
8.940	0.21	0.18	1.28
8.960	0.22	0.20	1.38
8.980	0.22	0.23	1.72
9.000	0.23	0.27	1.61
9.020	0.23	0.30	1.50
9.040	0.24	0.33	1.50
9.060	0.25	0.36	1.50
9.080	0.25	0.39	1.51
9.100	0.26	0.42	1.30
9.120	0.27	0.44	0.96
9.140	0.28	0.45	0.95
9.160	0.29	0.48	1.18
9.180	0.30	0.50	1.19
9.200	0.31	0.52	0.97
9.220	0.32	0.54	0.85
9.240	0.33	0.56	0.96
9.260	0.34	0.58	0.97
9.280	0.35	0.60	0.76
9.300	0.37	0.61	0.55
9.320	0.38	0.62	0.32
9.340	0.39	0.62	0.31
9.360	0.40	0.63	0.43
9.380	0.41	0.64	0.33
9.400	0.43	0.64	0.11
9.420	0.44	0.64	0.11
9.440	0.45	0.65	0.12
9.460	0.47	0.65	-0.10
9.480	0.48	0.64	-0.22
9.500	0.49	0.64	-0.11
9.520	0.51	0.64	0.02
9.540	0.52	0.64	-0.40
9.560	0.53	0.62	0.63
9.580	0.54	0.67	1.06
9.600	0.56	0.67	-1.72
9.620	0.57	0.60	-1.83
9.640	0.58	0.59	-0.16
9.660	0.59	0.59	-0.83
9.680	0.60	0.56	-1.33
9.700	0.62	0.54	0.55
9.720	0.63	0.58	0.72
9.740	0.64	0.57	-2.65
9.760	0.65	0.48	-3.13
9.780	0.66	0.44	-1.62
9.800	0.67	0.41	-1.51
9.820	0.67	0.38	-1.41
9.840	0.68	0.35	-1.19
9.860	0.69	0.33	-1.04
9.880	0.70	0.31	-1.38
9.900	0.70	0.28	-1.52
9.920	0.71	0.25	-1.26
9.940	0.71	0.23	-1.49
9.960	0.72	0.19	-1.62
9.980	0.72	0.16	-1.48
10.000	0.72	0.13	-1.72
10.020	0.72	0.09	-1.74
10.040	0.73	0.06	-1.49
10.060	0.73	0.03	-1.61
10.080	0.73	0.00	-1.61
10.100	0.73	-0.03	-1.61
10.120	0.73	-0.07	-1.62
10.140	0.72	-0.10	-1.50
10.160	0.72	-0.13	-1.60
10.180	0.72	-0.16	-1.73
10.200	0.72	-0.19	-1.64
10.220	0.71	-0.23	-1.41
10.240	0.71	-0.25	-1.29
10.260	0.70	-0.28	-1.29
10.280	0.70	-0.30	-1.30
10.300	0.69	-0.33	-1.18
10.320	0.68	-0.35	-1.24
10.340	0.68	-0.38	-1.86
10.360	0.67	-0.42	-1.46
10.380	0.66	-0.44	-1.97
10.400	0.65	-0.50	-3.11
10.420	0.64	-0.56	-0.89
10.440	0.63	-0.54	0.76
10.460	0.62	-0.53	-0.46
10.480	0.61	-0.56	-2.88
10.500	0.59	-0.65	-2.23
10.520	0.58	-0.65	1.44
10.540	0.57	-0.59	1.11
10.560	0.56	-0.60	-0.66
10.580	0.54	-0.62	-0.55
10.600	0.53	-0.62	-0.44
10.620	0.52	-0.63	-0.34
10.640	0.51	-0.64	-0.11
10.660	0.49	-0.64	-0.10
10.680	0.48	-0.64	-0.22
10.700	0.47	-0.65	-0.12
10.720	0.46	-0.65	0.11
10.740	0.44	-0.64	-0.01
10.760	0.43	-0.65	0.19
10.780	0.42	-0.63	0.67
10.800	0.40	-0.62	0.22
10.820	0.39	-0.63	0.20
10.840	0.38	-0.61	0.55
10.860	0.37	-0.60	0.43
10.880	0.35	-0.60	0.53
10.900	0.34	-0.58	0.74
10.920	0.33	-0.57	1.07
10.940	0.32	-0.54	1.20
10.960	0.31	-0.52	0.97
10.980	0.30	-0.50	0.97
11.000	0.29	-0.48	1.08
11.020	0.28	-0.46	1.08
11.040	0.27	-0.44	1.19
11.060	0.26	-0.41	1.19
11.080	0.26	-0.39	1.17
11.100	0.25	-0.36	1.51
11.120	0.24	-0.33	1.62
11.140	0.23	-0.30	1.61
11.160	0.23	-0.26	1.73
11.180	0.22	-0.23	1.51
11.200	0.22	-0.20	1.50
11.220	0.22	-0.17	1.73
11.240	0.21	-0.13	1.41
11.260	0.21	-0.11	1.16
11.280	0.21	-0.09	1.82
11.300	0.21	-0.04	2.17
11.320	0.21	-6.47E-4	1.50
11.340	0.21	0.02	1.60
11.360	0.21	0.06	1.95
11.380	0.21	0.10	1.50
11.400	0.21	0.12	1.61
11.420	0.21	0.16	1.73
11.440	0.22	0.19	1.39
11.460	0.22	0.22	1.50
11.480	0.23	0.25	1.62
11.500	0.23	0.28	1.39
11.520	0.24	0.31	1.50
11.540	0.24	0.34	1.51
11.560	0.25	0.37	1.28
11.580	0.26	0.39	1.40
11.600	0.27	0.42	1.29
11.620	0.28	0.45	1.07
11.640	0.29	0.47	1.07
11.660	0.30	0.49	1.07
11.680	0.31	0.51	1.08
11.700	0.32	0.53	0.97
11.720	0.33	0.55	0.75
11.740	0.34	0.56	0.74
11.760	0.35	0.58	0.86
11.780	0.36	0.60	0.76
11.800	0.37	0.61	0.54
11.820	0.38	0.62	0.43
11.840	0.40	0.63	0.44
11.860	0.41	0.64	0.22
11.880	0.42	0.63	0.11
11.900	0.44	0.64	0.11
11.920	0.45	0.64	-0.01
11.940	0.46	0.64	0.11
11.960	0.47	0.64	0.01
11.980	0.49	0.64	-0.22
12.000	0.50	0.64	-0.10
12.020	0.51	0.64	-0.20
12.040	0.52	0.63	-0.52
12.060	0.54	0.62	0.74
12.080	0.55	0.66	1.05
12.100	0.56	0.66	-1.47
12.120	0.58	0.60	-1.90
12.140	0.59	0.58	-0.85
12.160	0.60	0.56	-0.94
12.180	0.61	0.54	-1.17
12.200	0.62	0.52	-1.48
12.220	0.63	0.48	0.89
12.240	0.64	0.55	0.91
12.260	0.65	0.52	-3.49
12.280	0.66	0.41	-2.93
12.300	0.67	0.40	-1.27
12.320	0.68	0.36	-1.54
12.340	0.68	0.34	-1.05
12.360	0.69	0.32	-1.26
12.380	0.70	0.29	-1.51
12.400	0.70	0.26	-1.41
12.420	0.71	0.23	-1.27
12.440	0.71	0.21	-1.49
12.460	0.72	0.18	-1.61
12.480	0.72	0.15	-1.60
12.500	0.72	0.11	-1.74
12.520	0.72	0.08	-1.50
12.540	0.72	0.05	-1.48
12.560	0.73	0.02	-1.73
12.580	0.73	-0.02	-1.61
12.600	0.72	-0.05	-1.61
12.620	0.72	-0.08	-1.63
12.640	0.72	-0.11	-1.50
12.660	0.72	-0.14	-1.61
12.680	0.72	-0.18	-1.64
12.700	0.71	-0.21	-1.39
12.720	0.71	-0.23	-1.51
12.740	0.70	-0.27	-1.55
12.760	0.70	-0.30	-1.07
12.780	0.69	-0.31	-1.15
12.800	0.68	-0.34	-1.55
12.820	0.68	-0.37	-0.91
12.840	0.67	-0.38	-2.78
12.860	0.66	-0.48	-3.34
12.880	0.65	-0.51	0.37
12.900	0.64	-0.47	-0.12
12.920	0.63	-0.52	-1.25
12.940	0.62	-0.52	-0.45
12.960	0.61	-0.53	-1.52
12.980	0.60	-0.58	-2.93
13.000	0.59	-0.65	-1.51
13.020	0.57	-0.64	1.34
13.040	0.56	-0.60	0.85
13.060	0.55	-0.61	-0.43
13.080	0.54	-0.62	-0.44
13.100	0.52	-0.62	-0.33
13.120	0.51	-0.63	-0.22
13.140	0.50	-0.63	-0.22
13.160	0.49	-0.64	-0.11
13.180	0.47	-0.64	-0.10
13.200	0.46	-0.64	-0.23
13.220	0.45	-0.65	-0.02
13.240	0.44	-0.64	0.32
13.260	0.42	-0.63	0.44
13.280	0.41	-0.62	0.32
13.300	0.40	-0.62	0.32
13.320	0.39	-0.61	0.43
13.340	0.37	-0.60	0.42
13.360	0.36	-0.60	0.64
13.380	0.35	-0.58	0.76
13.400	0.34	-0.57	0.75
13.420	0.33	-0.55	0.86
13.440	0.32	-0.53	0.96
13.460	0.31	-0.51	1.19
13.480	0.30	-0.48	1.19
13.500	0.29	-0.46	1.19
13.520	0.28	-0.44	1.19
13.540	0.27	-0.41	1.18
13.560	0.26	-0.39	1.29
13.580	0.25	-0.36	1.40
13.600	0.25	-0.33	1.51
13.620	0.24	-0.30	1.40
13.640	0.23	-0.28	1.29
13.660	0.23	-0.25	1.39
13.680	0.22	-0.22	1.60
13.700	0.22	-0.19	2.06
13.720	0.22	-0.14	1.74
13.740	0.21	-0.12	1.28
13.760	0.21	-0.09	1.74
13.780	0.21	-0.05	1.18
13.800	0.21	-0.04	1.38
13.820	0.21	0.01	2.07
13.840	0.21	0.04	1.29
13.860	0.21	0.06	1.37
13.880	0.21	0.10	2.15
13.900	0.21	0.15	1.96
13.920	0.22	0.18	1.06
13.940	0.22	0.19	1.37
13.960	0.23	0.23	2.16
13.980	0.23	0.27	1.63
14.000	0.24	0.30	1.07
14.020	0.24	0.32	1.17
14.040	0.25	0.34	1.50
14.060	0.26	0.38	1.51
14.080	0.26	0.40	1.29
14.100	0.27	0.43	1.29
14.120	0.28	0.45	1.18
14.140	0.29	0.48	1.18
14.160	0.30	0.50	1.19
14.180	0.31	0.52	0.97
14.200	0.32	0.54	0.86
14.220	0.33	0.56	0.75
14.240	0.34	0.57	0.64
14.260	0.36	0.58	0.64
14.280	0.37	0.60	0.65
14.300	0.38	0.61	0.54
14.320	0.39	0.62	0.43
14.340	0.40	0.63	0.44
14.360	0.42	0.64	0.22
14.380	0.43	0.63	0.10
14.400	0.44	0.64	0.23
14.420	0.45	0.64	0.01
14.440	0.47	0.64	-0.21
14.460	0.48	0.64	-0.21
14.480	0.49	0.63	-0.22
14.500	0.51	0.63	-0.10
14.520	0.52	0.63	-0.20
14.540	0.53	0.62	-0.43
14.560	0.54	0.61	-0.43
14.580	0.56	0.60	-0.44
14.600	0.57	0.59	-0.43
14.620	0.58	0.58	1.02
14.640	0.59	0.63	0.58
14.660	0.60	0.61	-2.73
14.680	0.61	0.52	-2.23
14.700	0.63	0.52	-1.18
14.720	0.64	0.48	0.09
14.740	0.64	0.52	0.63
14.760	0.66	0.50	-2.90
14.780	0.66	0.41	-3.03
14.800	0.67	0.38	-1.52
14.820	0.68	0.35	-1.31
14.840	0.69	0.33	-1.05
14.860	0.69	0.30	-1.29
14.880	0.70	0.28	-1.26
14.900	0.70	0.25	-1.49
14.920	0.71	0.22	-1.62
14.940	0.71	0.19	-1.50
14.960	0.72	0.16	-1.49
14.980	0.72	0.13	-1.60
15.000	0.72	0.09	-1.74
15.020	0.72	0.06	-1.50
15.040	0.72	0.03	-1.48
15.060	0.72	-6.81E-4	-1.73
15.080	0.72	-0.04	-1.62
15.100	0.72	-0.07	-1.49
15.120	0.72	-0.10	-1.61
15.140	0.72	-0.13	-1.64
15.160	0.72	-0.16	-1.39
15.180	0.71	-0.19	-1.50
15.200	0.71	-0.22	-1.63
15.220	0.70	-0.25	-1.52
15.240	0.70	-0.28	-1.42
15.260	0.69	-0.31	-1.21
15.280	0.69	-0.33	-0.97
15.300	0.68	-0.35	-0.90
15.320	0.67	-0.37	-1.70
15.340	0.66	-0.41	-1.89
15.360	0.66	-0.44	-2.48
15.380	0.65	-0.51	-2.73
15.400	0.64	-0.55	0.19
15.420	0.62	-0.51	0.60
15.440	0.61	-0.53	-1.41
15.460	0.60	-0.56	-1.35
15.480	0.59	-0.58	-0.67
15.500	0.58	-0.59	-0.35
15.520	0.57	-0.59	-1.51
15.540	0.56	-0.65	-1.69
15.560	0.54	-0.66	0.75
15.580	0.53	-0.62	0.84
15.600	0.52	-0.63	-0.34
15.620	0.51	-0.63	-0.11
15.640	0.49	-0.63	-0.11
15.660	0.48	-0.64	-0.12
15.680	0.47	-0.64	0.01
15.700	0.45	-0.64	-0.11
15.720	0.44	-0.64	-0.02
15.740	0.43	-0.64	0.32
15.760	0.42	-0.63	0.32
15.780	0.40	-0.63	0.32
15.800	0.39	-0.62	0.43
15.820	0.38	-0.61	0.53
15.840	0.37	-0.60	0.65
15.860	0.36	-0.58	0.65
15.880	0.34	-0.57	0.64
15.900	0.33	-0.56	0.75
15.920	0.32	-0.54	0.97
15.940	0.31	-0.52	1.08
15.960	0.30	-0.50	1.08
15.980	0.29	-0.47	0.97
16.000	0.28	-0.46	1.07
16.020	0.27	-0.43	1.40
16.040	0.26	-0.40	1.40
16.060	0.26	-0.38	1.40
16.080	0.25	-0.35	1.41
16.100	0.24	-0.32	1.07
16.120	0.24	-0.30	1.27
16.140	0.23	-0.27	1.95
16.160	0.23	-0.22	1.74
16.180	0.22	-0.20	1.29
16.200	0.22	-0.17	1.39
16.220	0.21	-0.14	1.61
16.240	0.21	-0.11	1.83
16.260	0.21	-0.07	1.83
16.280	0.21	-0.04	1.72
16.300	0.21	-9.16E-4	1.62
16.320	0.21	0.03	1.40
16.340	0.21	0.05	1.39
16.360	0.21	0.08	1.60
16.380	0.21	0.12	1.82
16.400	0.22	0.16	1.94
16.420	0.22	0.20	1.73
16.440	0.22	0.23	1.39
16.460	0.23	0.25	1.39
16.480	0.23	0.28	1.50
16.500	0.24	0.31	1.50
16.520	0.25	0.34	1.40
16.540	0.25	0.37	1.29
16.560	0.26	0.39	1.29
16.580	0.27	0.42	1.18
16.600	0.28	0.44	1.07
16.620	0.29	0.46	1.07
16.640	0.30	0.48	1.18
16.660	0.31	0.51	1.19
16.680	0.32	0.53	0.97
16.700	0.33	0.55	0.86
16.720	0.34	0.57	0.87
16.740	0.35	0.58	0.65
16.760	0.36	0.59	0.42
16.780	0.37	0.60	0.54
16.800	0.39	0.61	0.43
16.820	0.40	0.62	0.31
16.840	0.41	0.63	0.44
16.860	0.42	0.64	0.22
16.880	0.44	0.63	0.11
16.900	0.45	0.64	0.12
16.920	0.46	0.64	-0.10
16.940	0.47	0.64	-0.21
16.960	0.49	0.63	-0.22
16.980	0.50	0.63	-0.11
17.000	0.51	0.63	-0.08
17.020	0.53	0.62	-0.42
17.040	0.54	0.61	-0.65
17.060	0.55	0.60	0.85
17.080	0.56	0.64	1.16
17.100	0.58	0.64	-1.36
17.120	0.59	0.59	-1.87
17.140	0.60	0.57	-1.16
17.160	0.61	0.54	-1.40
17.180	0.62	0.51	-1.46
17.200	0.63	0.49	0.66
17.220	0.64	0.54	0.86
17.240	0.65	0.52	-2.88
17.260	0.66	0.42	-3.13
17.280	0.67	0.39	-1.61
17.300	0.68	0.36	-1.65
17.320	0.68	0.33	-1.20
17.340	0.69	0.31	-0.93
17.360	0.70	0.29	-1.27
17.380	0.70	0.26	-1.51
17.400	0.71	0.23	-1.38
17.420	0.71	0.21	-1.48
17.440	0.71	0.17	-1.74
17.460	0.72	0.14	-1.50
17.480	0.72	0.11	-1.48
17.500	0.72	0.08	-1.74
17.520	0.72	0.04	-1.52
17.540	0.72	0.02	-1.36
17.560	0.72	-0.01	-1.71
17.580	0.72	-0.05	-1.85
17.600	0.72	-0.09	-1.63
17.620	0.72	-0.12	-1.51
17.640	0.72	-0.15	-1.51
17.660	0.71	-0.18	-1.51
17.680	0.71	-0.21	-1.51
17.700	0.71	-0.24	-1.52
17.720	0.70	-0.27	-1.41
17.740	0.69	-0.29	-1.30
17.760	0.69	-0.32	-1.20
17.780	0.68	-0.34	-1.06
17.800	0.67	-0.36	-1.27
17.820	0.67	-0.39	-1.37
17.840	0.66	-0.42	-3.01
17.860	0.65	-0.51	-3.44
17.880	0.64	-0.56	0.15
17.900	0.63	-0.51	1.02
17.920	0.62	-0.51	-0.82
17.940	0.61	-0.54	-1.43
17.960	0.60	-0.57	-1.03
17.980	0.58	-0.58	-1.74
18.000	0.57	-0.64	-1.72
18.020	0.56	-0.65	0.99
18.040	0.55	-0.60	0.86
18.060	0.54	-0.62	-0.56
18.080	0.52	-0.62	-0.34
18.100	0.51	-0.63	-0.11
18.120	0.50	-0.63	-0.10
18.140	0.49	-0.63	-0.22
18.160	0.47	-0.64	-0.12
18.180	0.46	-0.64	0.11
18.200	0.45	-0.63	0.12
18.220	0.43	-0.63	-0.01
18.240	0.42	-0.63	0.20
18.260	0.41	-0.63	0.43
18.280	0.40	-0.62	0.43
18.300	0.38	-0.61	0.43
18.320	0.37	-0.60	0.42
18.340	0.36	-0.59	0.64
18.360	0.35	-0.57	0.86
18.380	0.34	-0.56	0.86
18.400	0.33	-0.54	0.86
18.420	0.32	-0.52	0.86
18.440	0.31	-0.50	0.97
18.460	0.30	-0.48	1.08
18.480	0.29	-0.46	1.08
18.500	0.28	-0.44	1.18
18.520	0.27	-0.41	1.29
18.540	0.26	-0.39	1.40
18.560	0.25	-0.36	1.51
18.580	0.25	-0.33	1.40
18.600	0.24	-0.30	1.51
18.620	0.23	-0.27	1.52
18.640	0.23	-0.24	1.29
18.660	0.22	-0.22	1.40
18.680	0.22	-0.19	1.50
18.700	0.22	-0.16	1.61
18.720	0.21	-0.12	1.83
18.740	0.21	-0.08	1.73
18.760	0.21	-0.05	1.50
18.780	0.21	-0.02	1.72
18.800	0.21	0.02	1.83
18.820	0.21	0.05	1.62
18.840	0.21	0.08	1.50
18.860	0.21	0.11	1.61
18.880	0.22	0.15	1.61
18.900	0.22	0.18	1.50
18.920	0.22	0.21	1.61
18.940	0.23	0.24	1.51
18.960	0.23	0.27	1.39
18.980	0.24	0.30	1.61
19.000	0.24	0.33	1.62
19.020	0.25	0.36	1.40
19.040	0.26	0.39	1.18
19.060	0.27	0.41	1.18
19.080	0.28	0.43	1.18
19.100	0.28	0.45	1.07
19.120	0.29	0.48	1.08
19.140	0.30	0.50	0.96
19.160	0.31	0.51	0.96
19.180	0.32	0.54	1.08
19.200	0.34	0.56	0.97
19.220	0.35	0.57	0.75
19.240	0.36	0.59	0.65
19.260	0.37	0.60	0.55
19.280	0.38	0.61	0.33
19.300	0.39	0.61	0.21
19.320	0.41	0.62	0.31
19.340	0.42	0.63	0.44
19.360	0.43	0.64	0.23
19.380	0.44	0.64	-1.34E-12
19.400	0.46	0.64	0.01
19.420	0.47	0.64	-0.11
19.440	0.48	0.63	-0.11
19.460	0.49	0.63	0.02
19.480	0.51	0.63	-0.29
19.500	0.52	0.62	0.76
19.520	0.53	0.66	0.83
19.540	0.55	0.65	-1.73
19.560	0.56	0.59	-1.60
19.580	0.57	0.59	-0.20
19.600	0.58	0.58	-0.26
19.620	0.59	0.58	-0.95
19.640	0.61	0.55	-1.21
19.660	0.62	0.53	-0.93
19.680	0.63	0.51	-0.10
19.700	0.64	0.53	0.10
19.720	0.65	0.51	-2.20
19.740	0.66	0.44	-2.89
19.760	0.66	0.40	-1.75
19.780	0.67	0.37	-1.40
19.800	0.68	0.34	-1.29
19.820	0.69	0.32	-1.30
19.840	0.69	0.29	-1.18
19.860	0.70	0.27	-1.15
19.880	0.70	0.24	-1.49
19.900	0.71	0.21	-1.63
19.920	0.71	0.18	-1.38
19.940	0.71	0.15	-1.48
19.960	0.72	0.12	-1.74
19.980	0.72	0.08	-1.52
20.000	0.72	0.06	-1.37
20.020	0.72	0.03	-1.59
20.040	0.72	0.00	-1.85
20.060	0.72	-0.04	-1.64
20.080	0.72	-0.07	-1.36
20.100	0.72	-0.10	-1.73
20.120	0.72	-0.14	-1.65
20.140	0.71	-0.17	-1.27
20.160	0.71	-0.19	-1.50
20.180	0.71	-0.22	-1.65
20.200	0.70	-0.26	-1.30
20.220	0.70	-0.28	-1.16
20.240	0.69	-0.30	-1.40
20.260	0.68	-0.33	-1.45
20.280	0.68	-0.36	-0.83
20.300	0.67	-0.37	-0.98
20.320	0.66	-0.40	-3.36
20.340	0.65	-0.50	-3.43
20.360	0.64	-0.54	0.04
20.380	0.63	-0.50	0.89
20.400	0.62	-0.50	-0.68
20.420	0.61	-0.53	-1.54
20.440	0.60	-0.56	-2.69
20.460	0.59	-0.63	-1.62
20.480	0.58	-0.63	1.23
20.500	0.56	-0.58	0.75
20.520	0.55	-0.60	-0.56
20.540	0.54	-0.61	-0.32
20.560	0.53	-0.61	-0.32
20.580	0.52	-0.62	-0.34
20.600	0.50	-0.62	-0.10
20.620	0.49	-0.62	-0.22
20.640	0.48	-0.63	-0.23
20.660	0.47	-0.63	3.61E-14
20.680	0.45	-0.63	-0.01
20.700	0.44	-0.63	0.09
20.720	0.43	-0.63	0.32
20.740	0.41	-0.62	0.44
20.760	0.40	-0.61	0.22
20.780	0.39	-0.61	0.20
20.800	0.38	-0.60	0.53
20.820	0.37	-0.59	0.65
20.840	0.35	-0.58	0.64
20.860	0.34	-0.57	0.75
20.880	0.33	-0.55	0.97
20.900	0.32	-0.53	1.08
20.920	0.31	-0.50	1.08
20.940	0.30	-0.48	0.97
20.960	0.29	-0.47	0.97
20.980	0.28	-0.44	1.08
21.000	0.27	-0.42	1.07
21.020	0.27	-0.40	1.28
21.040	0.26	-0.37	1.62
21.060	0.25	-0.34	1.52
21.080	0.24	-0.31	1.29
21.100	0.24	-0.29	1.50
21.120	0.23	-0.25	1.62
21.140	0.23	-0.22	1.50
21.160	0.22	-0.19	1.73
21.180	0.22	-0.15	1.51
21.200	0.22	-0.13	1.28
21.220	0.22	-0.10	1.51
21.240	0.21	-0.07	1.50
21.260	0.21	-0.04	1.82
21.280	0.21	0.00	2.17
21.300	0.21	0.05	1.62
21.320	0.21	0.07	1.28
21.340	0.22	0.10	1.73
21.360	0.22	0.14	1.39
21.380	0.22	0.15	1.49
21.400	0.22	0.20	1.96
21.420	0.23	0.23	1.18
21.440	0.23	0.24	1.16
21.460	0.24	0.28	1.73
21.480	0.24	0.31	1.29
21.500	0.25	0.33	1.16
21.520	0.26	0.36	1.61
21.540	0.27	0.39	1.51
21.560	0.27	0.42	1.19
21.580	0.28	0.44	0.96
21.600	0.29	0.46	1.07
21.620	0.30	0.48	1.19
21.640	0.31	0.51	0.86
21.660	0.32	0.52	0.85
21.680	0.33	0.54	0.97
21.700	0.34	0.56	0.86
21.720	0.35	0.57	0.75
21.740	0.37	0.59	0.65
21.760	0.38	0.60	0.55
21.780	0.39	0.61	0.33
21.800	0.40	0.61	0.21
21.820	0.41	0.62	0.32
21.840	0.43	0.63	0.33
21.860	0.44	0.63	0.11
21.880	0.45	0.63	0.01
21.900	0.46	0.63	-0.11
21.920	0.48	0.63	-0.11
21.940	0.49	0.63	-0.10
21.960	0.50	0.62	-0.21
21.980	0.51	0.62	-0.21
22.000	0.53	0.61	-0.30
22.020	0.54	0.61	-0.54
22.040	0.55	0.59	-0.65
22.060	0.56	0.58	0.85
22.080	0.57	0.63	1.19
22.100	0.59	0.63	-1.66
22.120	0.60	0.56	-2.43
22.140	0.61	0.53	-1.56
22.160	0.62	0.50	-0.89
22.180	0.63	0.50	-0.48
22.200	0.64	0.48	0.18
22.220	0.65	0.50	-0.39
22.240	0.66	0.46	-3.41
22.260	0.67	0.37	-2.63
22.280	0.67	0.36	-0.70
22.300	0.68	0.34	-1.27
22.320	0.69	0.31	-1.51
22.340	0.69	0.28	-1.40
22.360	0.70	0.25	-1.27
22.380	0.70	0.23	-1.50
22.400	0.71	0.19	-1.51
22.420	0.71	0.17	-1.37
22.440	0.71	0.14	-1.61
22.460	0.72	0.10	-1.61
22.480	0.72	0.07	-1.61
22.500	0.72	0.04	-1.62
22.520	0.72	0.01	-1.50
22.540	0.72	-0.02	-1.49
22.560	0.72	-0.05	-1.60
22.580	0.72	-0.09	-1.74
22.600	0.72	-0.12	-1.52
22.620	0.71	-0.15	-1.39
22.640	0.71	-0.18	-1.51
22.660	0.71	-0.21	-1.51
22.680	0.70	-0.24	-1.53
22.700	0.70	-0.27	-1.31
22.720	0.69	-0.29	-1.08
22.740	0.69	-0.31	-1.07
22.760	0.68	-0.33	-0.99
22.780	0.67	-0.35	-3.37
22.800	0.66	-0.47	-1.92
22.820	0.65	-0.43	0.50
22.840	0.65	-0.45	-2.96
22.860	0.64	-0.55	-1.24
22.880	0.63	-0.50	0.79
22.900	0.62	-0.51	-0.93
22.920	0.61	-0.53	-1.44
22.940	0.59	-0.57	-2.47
22.960	0.58	-0.63	-1.38
22.980	0.57	-0.63	1.11
23.000	0.56	-0.59	0.73
23.020	0.54	-0.60	-0.32
23.040	0.53	-0.60	-0.42
23.060	0.52	-0.62	-0.56
23.080	0.51	-0.62	-0.23
23.100	0.50	-0.62	0.01
23.120	0.48	-0.62	-0.11
23.140	0.47	-0.63	-0.12
23.160	0.46	-0.63	0.00
23.180	0.45	-0.63	-0.01
23.200	0.43	-0.63	0.21
23.220	0.42	-0.62	0.33
23.240	0.41	-0.62	0.20
23.260	0.40	-0.61	0.43
23.280	0.38	-0.60	0.54
23.300	0.37	-0.59	0.53
23.320	0.36	-0.58	0.65
23.340	0.35	-0.56	0.64
23.360	0.34	-0.55	0.75
23.380	0.33	-0.53	0.85
23.400	0.32	-0.52	1.07
23.420	0.31	-0.49	1.20
23.440	0.30	-0.47	0.96
23.460	0.29	-0.45	1.18
23.480	0.28	-0.42	1.30
23.500	0.27	-0.40	1.07
23.520	0.26	-0.38	1.19
23.540	0.26	-0.35	1.18
23.560	0.25	-0.33	1.40
23.580	0.24	-0.30	1.51
23.600	0.24	-0.27	1.39
23.620	0.23	-0.24	1.62
23.640	0.23	-0.21	1.50
23.660	0.22	-0.18	1.72
23.680	0.22	-0.14	1.84
23.700	0.22	-0.11	1.40
23.720	0.22	-0.08	1.40
23.740	0.21	-0.05	1.50
23.760	0.21	-0.02	1.72
23.780	0.21	0.02	1.73
23.800	0.21	0.05	1.50
23.820	0.21	0.08	1.61
23.840	0.22	0.11	1.72
23.860	0.22	0.15	1.72
23.880	0.22	0.18	1.62
23.900	0.23	0.21	1.40
23.920	0.23	0.24	1.28
23.940	0.24	0.26	1.49
23.960	0.24	0.30	1.72
23.980	0.25	0.33	1.51
24.000	0.25	0.36	1.29
24.020	0.26	0.38	1.18
24.040	0.27	0.40	1.17
24.060	0.28	0.43	1.29
24.080	0.29	0.45	1.18
24.100	0.30	0.48	1.08
24.120	0.31	0.50	0.96
24.140	0.32	0.51	0.96
24.160	0.33	0.54	0.97
24.180	0.34	0.55	0.75
24.200	0.35	0.57	0.64
24.220	0.36	0.58	0.65
24.240	0.37	0.59	0.54
24.260	0.38	0.60	0.43
24.280	0.40	0.61	0.43
24.300	0.41	0.62	0.33
24.320	0.42	0.62	0.21
24.340	0.43	0.63	0.22
24.360	0.45	0.63	0.12
24.380	0.46	0.63	-0.10
24.400	0.47	0.63	-0.22
24.420	0.48	0.62	-0.11
24.440	0.50	0.62	0.02
24.460	0.51	0.62	-0.20
24.480	0.52	0.61	-0.43
24.500	0.53	0.61	-0.43
24.520	0.54	0.60	-0.53
24.540	0.56	0.58	0.83
24.560	0.57	0.63	1.41
24.580	0.58	0.64	-1.52
24.600	0.59	0.57	-2.79
24.620	0.60	0.53	-1.45
24.640	0.62	0.51	-0.71
24.660	0.63	0.50	-1.31
24.680	0.64	0.46	0.17
24.700	0.64	0.51	1.10
24.720	0.66	0.50	-2.82
24.740	0.66	0.40	-3.86
24.760	0.67	0.35	-1.47
24.780	0.68	0.34	-0.59
24.800	0.68	0.33	-1.15
24.820	0.69	0.29	-1.52
24.840	0.70	0.26	-1.28
24.860	0.70	0.24	-1.38
24.880	0.71	0.21	-1.50
24.900	0.71	0.18	-1.49
24.920	0.71	0.15	-1.61
24.940	0.72	0.11	-1.63
24.960	0.72	0.08	-1.39
24.980	0.72	0.06	-1.48
25.000	0.72	0.03	-1.73
25.020	0.72	-0.01	-1.61
25.040	0.72	-0.04	-1.61
25.060	0.72	-0.07	-1.62
25.080	0.72	-0.10	-1.51
25.100	0.71	-0.13	-1.51
25.120	0.71	-0.16	-1.51
25.140	0.71	-0.19	-1.52
25.160	0.70	-0.23	-1.41
25.180	0.70	-0.25	-1.29
25.200	0.69	-0.28	-1.30
25.220	0.69	-0.30	-1.20
25.240	0.68	-0.32	-1.04
25.260	0.67	-0.34	-1.49
25.280	0.67	-0.38	-1.62
25.300	0.66	-0.41	-2.80
25.320	0.65	-0.50	-3.10
25.340	0.64	-0.53	0.28
25.360	0.63	-0.49	0.91
25.380	0.62	-0.50	-0.91
25.400	0.61	-0.52	-1.63
25.420	0.60	-0.56	-1.60
25.440	0.59	-0.59	-0.47
25.460	0.58	-0.58	0.13
25.480	0.56	-0.58	-1.62
25.500	0.55	-0.65	-1.82
25.520	0.54	-0.65	0.87
25.540	0.53	-0.61	0.84
25.560	0.51	-0.62	-0.34
25.580	0.50	-0.62	-0.12
25.600	0.49	-0.62	0.01
25.620	0.48	-0.62	-0.11
25.640	0.46	-0.63	-0.12
25.660	0.45	-0.63	-0.01
25.680	0.44	-0.63	0.10
25.700	0.43	-0.62	0.21
25.720	0.41	-0.62	0.32
25.740	0.40	-0.61	0.43
25.760	0.39	-0.60	0.43
25.780	0.38	-0.60	0.53
25.800	0.37	-0.58	0.65
25.820	0.35	-0.57	0.65
25.840	0.34	-0.56	0.64
25.860	0.33	-0.54	0.86
25.880	0.32	-0.52	0.97
25.900	0.31	-0.50	0.97
25.920	0.30	-0.48	1.08
25.940	0.29	-0.46	1.07
25.960	0.28	-0.44	1.29
25.980	0.27	-0.41	1.30
26.000	0.27	-0.39	1.18
26.020	0.26	-0.36	1.30
26.040	0.25	-0.34	1.18
26.060	0.24	-0.32	1.29
26.080	0.24	-0.29	1.51
26.100	0.23	-0.26	1.61
26.120	0.23	-0.22	1.73
26.140	0.22	-0.19	1.51
26.160	0.22	-0.16	1.50
26.180	0.22	-0.13	1.72
26.200	0.22	-0.09	1.72
26.220	0.21	-0.06	1.73
26.240	0.21	-0.02	1.51
26.260	0.21	0.00	1.39
26.280	0.21	0.03	1.61
26.300	0.21	0.07	1.61
26.320	0.22	0.10	1.50
26.340	0.22	0.13	1.61
26.360	0.22	0.16	1.61
26.380	0.23	0.19	1.50
26.400	0.23	0.22	1.61
26.420	0.23	0.26	1.61
26.440	0.24	0.29	1.51
26.460	0.25	0.32	1.40
26.480	0.25	0.34	1.29
26.500	0.26	0.37	1.29
26.520	0.27	0.39	1.18
26.540	0.28	0.42	1.18
26.560	0.28	0.44	1.18
26.580	0.29	0.46	1.07
26.600	0.30	0.48	1.18
26.620	0.31	0.51	1.08
26.640	0.32	0.53	0.86
26.660	0.33	0.54	0.87
26.680	0.34	0.56	0.65
26.700	0.36	0.57	0.54
26.720	0.37	0.58	0.54
26.740	0.38	0.59	0.42
26.760	0.39	0.60	0.54
26.780	0.40	0.61	0.43
26.800	0.42	0.62	0.32
26.820	0.43	0.63	0.34
26.840	0.44	0.63	0.01
26.860	0.45	0.63	-0.11
26.880	0.47	0.63	-0.11
26.900	0.48	0.62	-0.11
26.920	0.49	0.62	0.02
26.940	0.50	0.62	-0.20
26.960	0.52	0.61	-0.44
26.980	0.53	0.61	-0.42
27.000	0.54	0.60	0.87
27.020	0.55	0.64	0.92
27.040	0.57	0.63	-1.40
27.060	0.58	0.58	-1.31
27.080	0.59	0.58	-0.93
27.100	0.60	0.55	-1.42
27.120	0.61	0.53	-1.18
27.140	0.62	0.50	0.10
27.160	0.63	0.53	0.43
27.180	0.64	0.52	-2.12
27.200	0.65	0.44	-2.38
27.220	0.66	0.42	-2.05
27.240	0.67	0.36	-2.02
27.260	0.67	0.34	-0.93
27.280	0.68	0.33	-1.27
27.300	0.69	0.29	-1.56
27.320	0.69	0.26	-0.98
27.340	0.70	0.25	-0.79
27.360	0.70	0.23	-1.48
27.380	0.71	0.19	-1.72
27.400	0.71	0.16	-1.72
27.420	0.71	0.12	-1.75
27.440	0.72	0.09	-1.39
27.460	0.72	0.07	-1.48
27.480	0.72	0.03	-1.73
27.500	0.72	0.00	-1.64
27.520	0.72	-0.03	-1.40
27.540	0.72	-0.06	-1.38
27.560	0.72	-0.09	-1.59
27.580	0.71	-0.12	-1.85
27.600	0.71	-0.16	-1.65
27.620	0.71	-0.19	-1.30
27.640	0.70	-0.21	-1.16
27.660	0.70	-0.23	-1.38
27.680	0.69	-0.27	-1.64
27.700	0.69	-0.30	-1.43
27.720	0.68	-0.33	-1.10
27.740	0.68	-0.34	-0.65
27.760	0.67	-0.35	-3.14
27.780	0.66	-0.47	-3.22
27.800	0.65	-0.48	0.38
27.820	0.64	-0.45	-0.28
27.840	0.63	-0.49	-0.78
27.860	0.62	-0.48	-0.44
27.880	0.61	-0.51	-1.62
27.900	0.60	-0.55	-1.61
27.920	0.59	-0.57	-1.77
27.940	0.58	-0.62	-1.35
27.960	0.57	-0.63	0.76
27.980	0.55	-0.59	0.73
28.000	0.54	-0.60	-0.33
28.020	0.53	-0.60	-0.21
28.040	0.52	-0.61	-0.32
28.060	0.51	-0.62	-0.34
28.080	0.49	-0.62	-0.11
28.100	0.48	-0.62	-0.10
28.120	0.47	-0.62	-0.23
28.140	0.46	-0.63	-0.01
28.160	0.44	-0.62	0.22
28.180	0.43	-0.62	0.22
28.200	0.42	-0.62	0.22
28.220	0.41	-0.61	0.20
28.240	0.39	-0.61	0.42
28.260	0.38	-0.60	0.65
28.280	0.37	-0.58	0.54
28.300	0.36	-0.57	0.53
28.320	0.35	-0.56	0.75
28.340	0.34	-0.54	0.86
28.360	0.33	-0.53	0.86
28.380	0.32	-0.51	0.97
28.400	0.31	-0.49	0.97
28.420	0.30	-0.47	0.96
28.440	0.29	-0.45	1.18
28.460	0.28	-0.42	1.29
28.480	0.27	-0.40	1.30
28.500	0.26	-0.37	1.19
28.520	0.26	-0.35	1.17
28.540	0.25	-0.32	1.51
28.560	0.24	-0.29	1.62
28.580	0.24	-0.26	1.40
28.600	0.23	-0.23	1.50
28.620	0.23	-0.20	1.73
28.640	0.22	-0.16	1.51
28.660	0.22	-0.14	1.39
28.680	0.22	-0.11	1.61
28.700	0.22	-0.07	1.72
28.720	0.22	-0.04	1.62
28.740	0.22	-0.01	1.49
28.760	0.21	0.02	1.83
28.780	0.22	0.06	1.73
28.800	0.22	0.09	1.28
28.820	0.22	0.11	1.61
28.840	0.22	0.15	1.62
28.860	0.23	0.18	1.28
28.880	0.23	0.20	1.61
28.900	0.23	0.24	1.72
28.920	0.24	0.27	1.50
28.940	0.24	0.30	1.62
28.960	0.25	0.34	1.31
28.980	0.26	0.36	0.63
29.000	0.27	0.36	0.82
29.020	0.27	0.39	1.82
29.040	0.28	0.44	1.86
29.060	0.29	0.46	0.86
29.080	0.30	0.47	0.74
29.100	0.31	0.49	1.08
29.120	0.32	0.51	0.96
29.140	0.33	0.53	0.97
29.160	0.34	0.55	0.87
29.180	0.35	0.57	0.53
29.200	0.36	0.57	0.54
29.220	0.37	0.59	0.55
29.240	0.39	0.60	0.32
29.260	0.40	0.60	0.31
29.280	0.41	0.61	0.43
29.300	0.42	0.62	0.33
29.320	0.44	0.62	0.23
29.340	0.45	0.63	0.01
29.360	0.46	0.62	-0.23
29.380	0.47	0.62	7.77E-4
29.400	0.49	0.62	0.02
29.420	0.50	0.62	-0.21
29.440	0.51	0.61	-0.20
29.460	0.52	0.61	-0.41
29.480	0.53	0.60	-0.75
29.500	0.55	0.58	0.73
29.520	0.56	0.63	1.27
29.540	0.57	0.63	-1.36
29.560	0.58	0.57	-1.87
29.580	0.59	0.56	-1.19
29.600	0.61	0.52	-1.12
29.620	0.62	0.51	-0.45
29.640	0.63	0.51	-1.61
29.660	0.64	0.45	-0.44
29.680	0.64	0.49	1.29
29.700	0.66	0.50	-2.36
29.720	0.66	0.40	-3.70
29.740	0.67	0.35	-1.90
29.760	0.68	0.32	-1.08
29.780	0.68	0.31	-0.93
29.800	0.69	0.28	-1.29
29.820	0.69	0.26	-1.27
29.840	0.70	0.23	-1.50
29.860	0.70	0.20	-1.52
29.880	0.71	0.17	-1.25
29.900	0.71	0.15	-1.60
29.920	0.71	0.11	-1.76
29.940	0.72	0.08	-1.28
29.960	0.72	0.06	-1.35
29.980	0.72	0.02	-1.83
30.000	0.72	-0.02	-1.87
30.020	0.72	-0.05	-1.41
30.040	0.72	-0.07	-1.26
30.060	0.71	-0.10	-1.61
30.080	0.71	-0.14	-1.63
30.100	0.71	-0.17	-1.52
30.120	0.70	-0.20	-1.41
30.140	0.70	-0.23	-1.29
30.160	0.70	-0.25	-1.29
30.180	0.69	-0.28	-1.30
30.200	0.68	-0.30	-1.18
30.220	0.68	-0.32	-1.11
30.240	0.67	-0.35	-3.27
30.260	0.66	-0.46	-3.09
30.280	0.65	-0.47	0.23
30.300	0.65	-0.45	0.04
30.320	0.64	-0.47	-0.39
30.340	0.63	-0.46	-0.76
30.360	0.62	-0.50	-2.09
30.380	0.61	-0.55	-1.61
30.400	0.60	-0.56	-1.76
30.420	0.58	-0.62	-1.48
30.440	0.57	-0.62	0.98
30.460	0.56	-0.58	0.98
30.480	0.55	-0.58	-0.54
30.500	0.54	-0.60	-0.56
30.520	0.52	-0.61	-0.34
30.540	0.51	-0.61	-0.11
30.560	0.50	-0.61	-0.10
30.580	0.49	-0.62	-0.22
30.600	0.47	-0.62	-0.11
30.620	0.46	-0.62	-0.11
30.640	0.45	-0.62	-0.02
30.660	0.44	-0.62	0.33
30.680	0.42	-0.61	0.22
30.700	0.41	-0.61	0.20
30.720	0.40	-0.60	0.44
30.740	0.39	-0.59	0.32
30.760	0.38	-0.59	0.41
30.780	0.36	-0.58	0.76
30.800	0.35	-0.56	0.76
30.820	0.34	-0.55	0.75
30.840	0.33	-0.53	0.97
30.860	0.32	-0.51	0.97
30.880	0.31	-0.49	0.97
30.900	0.30	-0.47	0.97
30.920	0.29	-0.45	0.96
30.940	0.28	-0.43	1.29
30.960	0.27	-0.40	1.30
30.980	0.27	-0.38	1.17
31.000	0.26	-0.35	1.51
31.020	0.25	-0.32	1.52
31.040	0.25	-0.29	1.19
31.060	0.24	-0.27	1.18
31.080	0.24	-0.25	1.39
31.100	0.23	-0.22	1.61
31.120	0.23	-0.18	1.84
31.140	0.22	-0.14	1.51
31.160	0.22	-0.12	1.28
31.180	0.22	-0.09	1.73
31.200	0.22	-0.05	1.50
31.220	0.22	-0.03	1.61
31.240	0.22	0.01	1.85
31.260	0.22	0.04	1.18
31.280	0.22	0.06	1.38
31.300	0.22	0.10	1.94
31.320	0.22	0.14	1.73
31.340	0.23	0.17	1.40
31.360	0.23	0.19	1.28
31.380	0.23	0.22	
