0.000	0.54		
0.020	0.53	-0.24	
0.040	0.53	-0.12	3.92
0.060	0.53	-0.08	0.30
0.080	0.53	-0.11	-0.81
0.100	0.52	-0.12	-1.57
0.120	0.52	-0.17	-0.81
0.140	0.52	-0.15	1.71
0.160	0.52	-0.10	-1.22
0.180	0.51	-0.20	-0.93
0.200	0.51	-0.14	3.40
0.220	0.51	-0.06	-0.75
0.240	0.51	-0.17	0.60
0.260	0.50	-0.04	4.76
0.280	0.50	0.02	-0.52
0.300	0.50	-0.06	0.66
0.320	0.50	0.05	2.18
0.340	0.50	0.03	0.04
0.360	0.50	0.05	2.77
0.380	0.51	0.14	0.26
0.400	0.51	0.06	-3.66
0.420	0.51	-0.01	-2.16
0.440	0.51	-0.03	-0.47
0.460	0.51	-0.03	0.10
0.480	0.51	-0.02	0.21
0.500	0.51	-0.02	0.45
0.520	0.51	0.00	-1.50
0.540	0.51	-0.08	-0.26
0.560	0.50	-0.01	3.78
0.580	0.51	0.07	0.47
0.600	0.51	0.00	-1.84
0.620	0.51	0.00	0.04
0.640	0.51	0.01	-1.69
0.660	0.51	-0.07	-9.09
0.680	0.50	-0.36	-1.48
0.700	0.49	-0.13	16.05
0.720	0.50	0.28	8.42
0.740	0.50	0.21	-4.74
0.760	0.51	0.10	-4.70
0.780	0.51	0.02	-2.03
0.800	0.51	0.01	-0.53
0.820	0.51	7.81E-4	-2.22
0.840	0.51	-0.07	-1.42
0.860	0.51	-0.06	2.11
0.880	0.51	0.01	1.27
0.900	0.51	-0.01	-1.57
0.920	0.51	-0.05	-0.93
0.940	0.50	-0.04	3.23
0.960	0.50	0.08	3.30
0.980	0.51	0.09	0.69
1.000	0.51	0.10	0.12
1.020	0.51	0.09	-1.51
1.040	0.51	0.04	-3.01
1.060	0.51	-0.03	-3.31
1.080	0.51	-0.09	0.79
1.100	0.51	0.01	3.56
1.120	0.51	0.05	0.41
1.140	0.51	0.02	-0.95
1.160	0.51	0.02	0.32
1.180	0.51	0.03	0.34
1.200	0.51	0.03	-0.04
1.220	0.51	0.03	2.34
1.240	0.51	0.12	-1.81
1.260	0.52	-0.04	-4.37
1.280	0.51	-0.05	5.92
1.300	0.52	0.20	4.81
1.320	0.52	0.14	-4.23
1.340	0.52	0.03	-2.38
1.360	0.52	0.05	0.93
1.380	0.52	0.07	0.05
1.400	0.52	0.05	-0.69
1.420	0.53	0.04	-0.07
1.440	0.53	0.05	1.03
1.460	0.53	0.08	-1.45
1.480	0.53	-0.01	-0.81
1.500	0.53	0.05	1.70
1.520	0.53	0.06	-1.25
1.540	0.53	0.00	1.12
1.560	0.53	0.10	2.22
1.580	0.53	0.09	-0.36
1.600	0.53	0.09	0.22
1.620	0.54	0.09	-0.01
1.640	0.54	0.08	1.60
1.660	0.54	0.16	2.01
1.680	0.54	0.17	-1.93
1.700	0.55	0.08	-2.11
1.720	0.55	0.08	0.44
1.740	0.55	0.10	-1.32
1.760	0.55	0.03	0.48
1.780	0.55	0.12	1.43
1.800	0.56	0.08	-0.51
1.820	0.55	0.10	0.71
1.840	0.56	0.11	-1.74
1.860	0.56	0.03	-0.12
1.880	0.56	0.11	1.57
1.900	0.56	0.09	0.84
1.920	0.56	0.14	-1.82
1.940	0.57	0.02	-0.79
1.960	0.57	0.11	2.83
1.980	0.57	0.13	-0.74
2.000	0.57	0.08	3.62
2.020	0.58	0.28	-1.17
2.040	0.58	0.03	-6.19
2.060	0.58	0.03	3.05
2.080	0.58	0.16	1.42
2.100	0.58	0.09	-1.73
2.120	0.59	0.09	0.13
2.140	0.59	0.09	-4.35
2.160	0.59	-0.09	-2.87
2.180	0.58	-0.02	3.88
2.200	0.59	0.07	-0.70
2.220	0.59	-0.05	2.36
2.240	0.59	0.16	7.41
2.260	0.59	0.24	-3.18
2.280	0.60	0.04	-7.38
2.300	0.59	-0.05	4.20
2.320	0.60	0.20	6.48
2.340	0.60	0.21	-6.17
2.360	0.60	-0.04	-4.87
2.380	0.60	0.01	2.69
2.400	0.60	0.06	-2.59
2.420	0.60	-0.09	-4.17
2.440	0.60	-0.10	0.79
2.460	0.60	-0.06	1.46
2.480	0.60	-0.04	3.29
2.500	0.60	0.07	4.37
2.520	0.60	0.13	-1.70
2.540	0.60	0.01	-4.83
2.560	0.60	-0.06	-2.38
2.580	0.60	-0.09	-0.90
2.600	0.60	-0.10	-0.41
2.620	0.60	-0.11	-0.69
2.640	0.59	-0.13	-0.11
2.660	0.59	-0.11	-0.03
2.680	0.59	-0.13	-0.89
2.700	0.59	-0.15	-1.95
2.720	0.58	-0.21	-1.65
2.740	0.58	-0.21	-4.09
2.760	0.57	-0.37	-3.49
2.780	0.56	-0.35	7.14
2.800	0.56	-0.08	5.81
2.820	0.56	-0.12	-2.65
2.840	0.56	-0.19	-3.18
2.860	0.55	-0.25	-4.11
2.880	0.55	-0.35	-1.22
2.900	0.54	-0.30	3.70
2.920	0.53	-0.21	3.38
2.940	0.53	-0.16	1.46
2.960	0.53	-0.15	-0.78
2.980	0.52	-0.19	-2.03
3.000	0.52	-0.23	-0.84
3.020	0.51	-0.22	0.35
3.040	0.51	-0.21	-0.15
3.060	0.51	-0.23	2.03
3.080	0.50	-0.13	2.69
3.100	0.50	-0.12	-3.63
3.120	0.50	-0.28	-4.38
3.140	0.49	-0.30	1.41
3.160	0.49	-0.22	2.94
3.180	0.48	-0.18	0.85
3.200	0.48	-0.19	-0.74
3.220	0.47	-0.21	0.60
3.240	0.47	-0.16	3.09
3.260	0.47	-0.09	1.93
3.280	0.47	-0.09	0.32
3.300	0.46	-0.07	0.55
3.320	0.46	-0.06	-1.38
3.340	0.46	-0.13	-1.74
3.360	0.46	-0.13	0.18
3.380	0.46	-0.12	0.75
3.400	0.45	-0.10	0.76
3.420	0.45	-0.09	0.65
3.440	0.45	-0.08	0.65
3.460	0.45	-0.07	0.64
3.480	0.45	-0.05	0.75
3.500	0.45	-0.04	0.76
3.520	0.45	-0.02	0.65
3.540	0.45	-0.01	0.65
3.560	0.45	0.00	0.64
3.580	0.45	0.02	0.75
3.600	0.45	0.03	0.87
3.620	0.45	0.05	0.76
3.640	0.45	0.06	0.64
3.660	0.45	0.08	0.74
3.680	0.45	0.09	0.86
3.700	0.45	0.11	0.87
3.720	0.46	0.13	0.77
3.740	0.46	0.14	0.54
3.760	0.46	0.15	0.53
3.780	0.46	0.16	0.64
3.800	0.47	0.18	0.64
3.820	0.47	0.19	0.75
3.840	0.47	0.21	0.77
3.860	0.48	0.22	0.52
3.880	0.48	0.23	0.76
3.900	0.49	0.25	0.68
3.920	0.49	0.25	0.08
3.940	0.50	0.25	0.58
3.960	0.50	0.28	0.02
3.980	0.51	0.25	-0.38
4.000	0.51	0.26	0.28
4.020	0.52	0.26	2.33
4.040	0.52	0.35	3.12
4.060	0.53	0.39	-1.48
4.080	0.54	0.30	-1.96
4.100	0.55	0.31	0.00
4.120	0.55	0.30	-0.02
4.140	0.56	0.31	0.26
4.160	0.56	0.31	-0.34
4.180	0.57	0.30	-0.12
4.200	0.58	0.30	0.14
4.220	0.58	0.30	-0.28
4.240	0.59	0.29	-0.91
4.260	0.59	0.27	-0.39
4.280	0.60	0.27	0.45
4.300	0.60	0.28	0.26
4.320	0.61	0.28	-0.42
4.340	0.62	0.27	0.77
4.360	0.62	0.32	0.78
4.380	0.63	0.30	-2.17
4.400	0.63	0.23	-2.05
4.420	0.64	0.22	-0.63
4.440	0.64	0.20	-0.74
4.460	0.65	0.19	-0.85
4.480	0.65	0.17	-0.98
4.500	0.65	0.15	-0.89
4.520	0.66	0.13	-0.51
4.540	0.66	0.13	-0.84
4.560	0.66	0.10	-1.11
4.580	0.66	0.08	-0.76
4.600	0.66	0.07	-0.63
4.620	0.66	0.06	-0.55
4.640	0.67	0.05	-2.96
4.660	0.67	-0.06	-1.45
4.680	0.66	-0.01	3.14
4.700	0.67	0.06	-0.55
4.720	0.67	-0.03	-2.97
4.740	0.67	-0.05	-0.98
4.760	0.66	-0.07	-0.86
4.780	0.66	-0.09	-0.85
4.800	0.66	-0.11	-0.98
4.820	0.66	-0.13	-0.87
4.840	0.66	-0.14	-0.62
4.860	0.65	-0.15	-2.15
4.880	0.65	-0.23	-2.39
4.900	0.64	-0.25	0.35
4.920	0.64	-0.21	0.06
4.940	0.63	-0.25	-0.70
4.960	0.63	-0.24	-0.03
4.980	0.63	-0.25	-0.98
5.000	0.62	-0.28	-0.88
5.020	0.61	-0.28	-0.64
5.040	0.61	-0.30	-0.79
5.060	0.60	-0.31	-0.31
5.080	0.60	-0.32	-0.45
5.100	0.59	-0.33	-0.23
5.120	0.58	-0.33	0.13
5.140	0.58	-0.33	-1.62
5.160	0.57	-0.39	-1.73
5.180	0.56	-0.40	1.20
5.200	0.55	-0.34	1.06
5.220	0.55	-0.35	-0.13
5.240	0.54	-0.35	0.24
5.260	0.53	-0.34	-0.11
5.280	0.53	-0.35	-0.14
5.300	0.52	-0.35	0.33
5.320	0.51	-0.34	0.23
5.340	0.50	-0.34	-0.02
5.360	0.50	-0.34	0.19
5.380	0.49	-0.33	0.53
5.400	0.48	-0.32	0.66
5.420	0.48	-0.31	0.43
5.440	0.47	-0.30	0.42
5.460	0.47	-0.29	0.65
5.480	0.46	-0.28	0.53
5.500	0.46	-0.27	0.64
5.520	0.45	-0.25	0.76
5.540	0.45	-0.24	0.64
5.560	0.44	-0.22	0.75
5.580	0.44	-0.21	0.86
5.600	0.43	-0.19	0.86
5.620	0.43	-0.17	0.86
5.640	0.43	-0.16	0.86
5.660	0.42	-0.14	0.85
5.680	0.42	-0.12	0.96
5.700	0.42	-0.10	1.08
5.720	0.42	-0.08	0.97
5.740	0.41	-0.06	0.85
5.760	0.41	-0.04	0.96
5.780	0.41	-0.02	1.08
5.800	0.41	0.00	1.07
5.820	0.41	0.02	1.08
5.840	0.41	0.04	0.97
5.860	0.41	0.06	0.85
5.880	0.42	0.08	0.96
5.900	0.42	0.10	1.08
5.920	0.42	0.12	0.97
5.940	0.42	0.14	0.86
5.960	0.43	0.15	0.85
5.980	0.43	0.17	0.97
6.000	0.43	0.19	0.98
6.020	0.44	0.21	0.76
6.040	0.44	0.22	0.64
6.060	0.44	0.24	0.74
6.080	0.45	0.25	0.87
6.100	0.46	0.27	0.65
6.120	0.46	0.28	0.54
6.140	0.47	0.29	0.54
6.160	0.47	0.30	0.42
6.180	0.48	0.31	0.54
6.200	0.48	0.32	0.54
6.220	0.49	0.33	0.54
6.240	0.50	0.34	0.56
6.260	0.50	0.35	0.23
6.280	0.51	0.35	1.61E-13
6.300	0.52	0.35	-3.91E-13
6.320	0.53	0.35	-3.91E-13
6.340	0.53	0.35	-0.01
6.360	0.54	0.35	0.11
6.380	0.55	0.36	0.13
6.400	0.55	0.36	-0.31
6.420	0.56	0.34	0.96
6.440	0.57	0.40	1.29
6.460	0.58	0.40	-1.50
6.480	0.58	0.34	-1.63
6.500	0.59	0.33	0.05
6.520	0.60	0.34	-0.49
6.540	0.60	0.31	-1.13
6.560	0.61	0.29	-0.46
6.580	0.62	0.29	-0.06
6.600	0.62	0.29	-0.63
6.620	0.63	0.27	-0.78
6.640	0.63	0.26	-0.48
6.660	0.64	0.25	0.12
6.680	0.64	0.26	0.19
6.700	0.65	0.26	-2.03
6.720	0.65	0.18	-2.26
6.740	0.66	0.17	-0.95
6.760	0.66	0.14	-1.22
6.780	0.66	0.12	-0.78
6.800	0.66	0.11	-0.38
6.820	0.67	0.10	-0.95
6.840	0.67	0.08	-1.20
6.860	0.67	0.05	-0.99
6.880	0.67	0.04	-0.74
6.900	0.67	0.02	-0.84
6.920	0.67	0.00	-1.09
6.940	0.67	-0.02	-0.98
6.960	0.67	-0.04	-0.85
6.980	0.67	-0.05	-0.96
7.000	0.67	-0.08	-1.11
7.020	0.67	-0.10	-0.77
7.040	0.66	-0.11	-0.49
7.060	0.66	-0.12	-1.08
7.080	0.66	-0.15	-1.12
7.100	0.66	-0.16	-0.64
7.120	0.65	-0.17	-0.75
7.140	0.65	-0.19	-0.75
7.160	0.64	-0.20	-0.74
7.180	0.64	-0.22	-0.71
7.200	0.64	-0.23	-2.66
7.220	0.63	-0.33	-0.75
7.240	0.62	-0.26	3.47
7.260	0.62	-0.19	-1.92
7.280	0.62	-0.34	-3.86
7.300	0.61	-0.34	1.20
7.320	0.60	-0.29	1.09
7.340	0.60	-0.30	-0.43
7.360	0.59	-0.31	-0.43
7.380	0.58	-0.32	-0.42
7.400	0.58	-0.33	-0.57
7.420	0.57	-0.34	-0.20
7.440	0.56	-0.33	0.99
7.460	0.56	-0.30	0.88
7.480	0.55	-0.30	-0.60
7.500	0.54	-0.33	-2.98
7.520	0.54	-0.42	0.97
7.540	0.53	-0.29	2.90
7.560	0.53	-0.30	-4.89
7.580	0.52	-0.48	-1.78
7.600	0.51	-0.37	6.95
7.620	0.50	-0.20	5.10
7.640	0.50	-0.17	-1.79
7.660	0.49	-0.28	-2.58
7.680	0.49	-0.27	0.65
7.700	0.48	-0.25	0.55
7.720	0.48	-0.25	0.41
7.740	0.47	-0.23	0.76
7.760	0.47	-0.22	0.64
7.780	0.46	-0.21	0.75
7.800	0.46	-0.19	0.76
7.820	0.46	-0.18	0.64
7.840	0.45	-0.16	0.75
7.860	0.45	-0.15	0.86
7.880	0.45	-0.13	0.87
7.900	0.44	-0.11	0.75
7.920	0.44	-0.10	0.75
7.940	0.44	-0.08	0.86
7.960	0.44	-0.07	0.86
7.980	0.44	-0.05	0.87
8.000	0.44	-0.03	0.75
8.020	0.44	-0.02	0.75
8.040	0.44	-8.19E-4	0.75
8.060	0.44	0.01	0.74
8.080	0.44	0.03	0.97
8.100	0.44	0.05	0.87
8.120	0.44	0.06	0.63
8.140	0.44	0.08	0.86
8.160	0.44	0.10	0.88
8.180	0.44	0.11	0.54
8.200	0.45	0.12	0.53
8.220	0.45	0.13	0.64
8.240	0.45	0.15	0.65
8.260	0.46	0.16	0.54
8.280	0.46	0.17	0.54
8.300	0.46	0.18	-1.31
8.320	0.47	0.11	0.53
8.340	0.47	0.20	4.23
8.360	0.47	0.28	0.32
8.380	0.48	0.21	-1.51
8.400	0.48	0.22	0.33
8.420	0.49	0.23	0.21
8.440	0.49	0.23	0.21
8.460	0.50	0.24	0.32
8.480	0.50	0.24	0.34
8.500	0.51	0.25	0.12
8.520	0.51	0.25	6.94E-14
8.540	0.52	0.25	-0.01
8.560	0.52	0.25	0.12
8.580	0.53	0.25	-0.09
8.600	0.53	0.25	0.86
8.620	0.54	0.29	-16.51
8.640	0.54	-0.42	-2.53
8.660	0.52	0.19	32.93
8.680	0.55	0.90	1.29
8.700	0.56	0.24	-17.55
8.720	0.56	0.20	-0.41
8.740	0.56	0.22	2.27
8.760	0.57	0.29	0.87
8.780	0.57	0.26	-2.08
8.800	0.58	0.21	-1.68
8.820	0.58	0.19	-0.80
8.840	0.59	0.18	-0.21
8.860	0.59	0.18	-0.22
8.880	0.59	0.17	-0.23
8.900	0.60	0.17	0.09
8.920	0.60	0.17	-1.07
8.940	0.60	0.13	-1.15
8.960	0.61	0.13	-0.19
8.980	0.61	0.12	-0.52
9.000	0.61	0.10	-0.77
9.020	0.61	0.09	-0.54
9.040	0.61	0.08	-0.52
9.060	0.62	0.07	-0.89
9.080	0.62	0.05	0.74
9.100	0.62	0.10	1.11
9.120	0.62	0.09	-1.94
9.140	0.62	0.02	-1.94
9.160	0.62	0.01	-0.53
9.180	0.62	0.00	-0.65
9.200	0.62	-0.01	-0.55
9.220	0.62	-0.02	-0.28
9.240	0.62	-0.02	-2.04
9.260	0.62	-0.10	-2.44
9.280	0.62	-0.12	2.38
9.300	0.62	-0.01	2.51
9.320	0.62	-0.02	-1.87
9.340	0.62	-0.08	-1.37
9.360	0.61	-0.08	-1.82
9.380	0.61	-0.15	-0.92
9.400	0.61	-0.11	2.81
9.420	0.61	-0.04	-1.25
9.440	0.61	-0.16	-3.45
9.460	0.60	-0.18	0.62
9.480	0.60	-0.14	1.05
9.500	0.60	-0.14	0.01
9.520	0.59	-0.14	-0.07
9.540	0.59	-0.14	-0.53
9.560	0.59	-0.16	0.15
9.580	0.58	-0.13	-10.98
9.600	0.58	-0.60	-1.20
9.620	0.56	-0.18	22.79
9.640	0.57	0.31	0.95
9.660	0.57	-0.14	-12.18
9.680	0.57	-0.17	-0.52
9.700	0.57	-0.16	0.65
9.720	0.56	-0.15	0.60
9.740	0.56	-0.14	-0.21
9.760	0.56	-0.15	-0.37
9.780	0.55	-0.16	0.30
9.800	0.55	-0.14	-0.86
9.820	0.55	-0.19	-1.03
9.840	0.54	-0.18	2.49
9.860	0.54	-0.09	-14.50
9.880	0.54	-0.76	-9.81
9.900	0.51	-0.48	31.95
9.920	0.52	0.51	16.92
9.940	0.53	0.19	-15.78
9.960	0.53	-0.12	-7.43
9.980	0.53	-0.10	0.33
10.000	0.52	-0.10	0.21
10.020	0.52	-0.09	0.34
10.040	0.52	-0.09	0.09
10.060	0.52	-0.09	0.31
10.080	0.52	-0.08	0.45
10.100	0.51	-0.07	0.10
10.120	0.51	-0.07	0.21
10.140	0.51	-0.06	0.32
10.160	0.51	-0.06	0.32
10.180	0.51	-0.05	0.33
10.200	0.51	-0.05	0.20
10.220	0.51	-0.04	0.44
10.240	0.51	-0.03	0.34
10.260	0.51	-0.03	0.10
10.280	0.51	-0.03	0.25
10.300	0.51	-0.02	-0.24
10.320	0.50	-0.04	0.04
10.340	0.50	-0.02	1.01
10.360	0.50	0.00	0.36
10.380	0.50	0.00	-0.25
10.400	0.50	0.00	0.20
10.420	0.50	0.00	0.45
10.440	0.50	0.01	0.24
10.460	0.50	0.01	-0.12
10.480	0.50	0.01	-0.02
10.500	0.50	0.01	0.34
10.520	0.50	0.02	0.12
10.540	0.51	0.02	-0.02
10.560	0.51	0.02	0.35
10.580	0.51	0.03	-5.22E-5
10.600	0.51	0.02	-0.02
10.620	0.51	0.03	0.35
10.640	0.51	0.04	-0.12
10.660	0.51	0.03	-0.02
10.680	0.51	0.03	0.35
10.700	0.51	0.04	-0.11
10.720	0.51	0.03	-0.13
10.740	0.51	0.03	0.23
10.760	0.51	0.04	-4.26E-5
10.780	0.51	0.03	-0.01
10.800	0.51	0.04	0.12
10.820	0.51	0.04	-0.12
10.840	0.51	0.03	-0.01
10.860	0.52	0.04	0.12
10.880	0.52	0.04	-0.12
10.900	0.52	0.03	-0.01
10.920	0.52	0.04	0.12
10.940	0.52	0.04	-0.11
10.960	0.52	0.03	-0.12
10.980	0.52	0.03	0.11
11.000	0.52	0.04	0.12
11.020	0.52	0.04	0.00
11.040	0.52	0.04	0.01
11.060	0.52	0.04	-0.12
11.080	0.52	0.03	-0.11
11.100	0.52	0.03	1.50
11.120	0.53	0.09	0.20
11.140	0.53	0.04	-2.87
11.160	0.53	-0.02	1.08
11.180	0.53	0.09	2.86
11.200	0.53	0.09	-1.07
11.220	0.53	0.04	-1.27
11.240	0.53	0.04	1.39E-13
11.260	0.53	0.04	-0.01
11.280	0.53	0.04	0.10
11.300	0.53	0.05	0.23
11.320	0.54	0.05	0.02
11.340	0.54	0.05	-0.25
11.360	0.54	0.04	0.21
11.380	0.54	0.06	0.46
11.400	0.54	0.06	-1.52
11.420	0.54	-0.01	0.02
11.440	0.54	0.06	2.92
11.460	0.54	0.11	-0.27
11.480	0.54	0.05	-1.07
11.500	0.55	0.07	0.36
11.520	0.55	0.06	-0.12
11.540	0.55	0.06	0.11
11.560	0.55	0.07	0.11
11.580	0.55	0.07	0.11
11.600	0.55	0.07	0.11
11.620	0.55	0.07	0.12
11.640	0.56	0.08	-0.01
11.660	0.56	0.07	0.10
11.680	0.56	0.08	0.24
11.700	0.56	0.08	-0.12
11.720	0.56	0.08	1.03E-4
11.740	0.56	0.08	-0.02
11.760	0.56	0.08	0.22
11.780	0.57	0.09	0.12
11.800	0.57	0.08	-0.12
11.820	0.57	0.09	0.01
11.840	0.57	0.08	-0.13
11.860	0.57	0.08	0.13
11.880	0.57	0.09	-0.11
11.900	0.58	0.08	-0.13
11.920	0.58	0.08	0.12
11.940	0.58	0.08	0.03
11.960	0.58	0.08	-0.35
11.980	0.58	0.07	3.10E-4
12.000	0.58	0.08	0.05
12.020	0.59	0.07	-0.71
12.040	0.59	0.05	0.11
12.060	0.59	0.07	0.17
12.080	0.59	0.06	-0.72
12.100	0.59	0.05	0.22
12.120	0.59	0.07	0.22
12.140	0.59	0.05	-1.24
12.160	0.59	0.02	-0.65
12.180	0.59	0.03	0.78
12.200	0.59	0.05	0.55
12.220	0.60	0.05	-0.94
12.240	0.60	0.01	-1.36
12.260	0.60	0.00	-0.47
12.280	0.60	0.00	0.01
12.300	0.60	0.00	-0.10
12.320	0.60	-0.01	-0.20
12.340	0.60	-0.01	-0.42
12.360	0.60	-0.03	-0.57
12.380	0.60	-0.03	-0.24
12.400	0.59	-0.03	0.18
12.420	0.59	-0.03	-0.70
12.440	0.59	-0.06	-1.54
12.460	0.59	-0.09	0.21
12.480	0.59	-0.05	0.32
12.500	0.59	-0.08	-1.02
12.520	0.59	-0.09	-0.33
12.540	0.59	-0.09	-0.20
12.560	0.58	-0.10	-0.32
12.580	0.58	-0.10	-1.52
12.600	0.58	-0.16	-4.27
12.620	0.57	-0.27	-2.15
12.640	0.57	-0.25	0.30
12.660	0.56	-0.26	4.76
12.680	0.56	-0.06	8.06
12.700	0.56	0.06	-1.67
12.720	0.56	-0.13	-5.51
12.740	0.56	-0.16	-0.89
12.760	0.55	-0.16	-0.53
12.780	0.55	-0.18	-0.50
12.800	0.55	-0.18	-2.37
12.820	0.54	-0.27	-4.24
12.840	0.54	-0.35	2.19
12.860	0.53	-0.19	3.64
12.880	0.53	-0.21	-3.72
12.900	0.52	-0.34	-1.61
12.920	0.51	-0.27	2.96
12.940	0.51	-0.22	2.20
12.960	0.51	-0.18	1.44
12.980	0.50	-0.16	2.30
13.000	0.50	-0.09	5.40
13.020	0.50	0.06	-0.88
13.040	0.50	-0.13	-7.58
13.060	0.49	-0.25	1.17
13.080	0.49	-0.08	1.51
13.100	0.49	-0.19	-2.04
13.120	0.48	-0.16	2.86
13.140	0.48	-0.07	0.35
13.160	0.48	-0.15	-1.73
13.180	0.48	-0.14	0.11
13.200	0.48	-0.14	0.09
13.220	0.47	-0.14	0.42
13.240	0.47	-0.13	0.66
13.260	0.47	-0.11	0.44
13.280	0.47	-0.11	0.32
13.300	0.46	-0.10	0.42
13.320	0.46	-0.09	-1.08
13.340	0.46	-0.14	-1.16
13.360	0.46	-0.14	1.89
13.380	0.45	-0.07	2.65
13.400	0.45	-0.03	3.30
13.420	0.45	0.06	2.40
13.440	0.46	0.06	-1.64
13.460	0.46	-8.56E-4	-1.30
13.480	0.46	0.01	0.54
13.500	0.46	0.02	0.52
13.520	0.46	0.03	0.75
13.540	0.46	0.05	0.87
13.560	0.46	0.07	0.64
13.580	0.46	0.08	0.64
13.600	0.46	0.09	0.78
13.620	0.46	0.11	0.29
13.640	0.47	0.11	0.72
13.660	0.47	0.14	1.25
13.680	0.47	0.16	0.22
13.700	0.47	0.15	0.06
13.720	0.48	0.16	0.86
13.740	0.48	0.18	0.87
13.760	0.48	0.19	0.65
13.780	0.49	0.21	0.56
13.800	0.49	0.21	0.21
13.820	0.50	0.21	0.18
13.840	0.50	0.22	0.65
13.860	0.51	0.24	0.56
13.880	0.51	0.24	0.21
13.900	0.52	0.25	0.33
13.920	0.52	0.26	0.22
13.940	0.53	0.26	0.10
13.960	0.53	0.26	0.12
13.980	0.54	0.26	1.40
14.000	0.54	0.32	1.48
14.020	0.55	0.32	-1.19
14.040	0.55	0.27	-1.16
14.060	0.56	0.28	-3.38E-4
14.080	0.57	0.27	-0.01
14.100	0.57	0.27	0.13
14.120	0.58	0.28	-0.21
14.140	0.58	0.27	-0.20
14.160	0.59	0.27	-0.31
14.180	0.59	0.25	-0.49
14.200	0.60	0.25	0.33
14.220	0.60	0.27	0.33
14.240	0.61	0.26	-1.05
14.260	0.61	0.22	-1.37
14.280	0.62	0.21	-0.36
14.300	0.62	0.21	0.16
14.320	0.63	0.21	-0.50
14.340	0.63	0.19	0.31
14.360	0.63	0.22	0.64
14.380	0.64	0.22	-1.82
14.400	0.64	0.15	-2.02
14.420	0.65	0.14	-0.98
14.440	0.65	0.11	-0.89
14.460	0.65	0.10	-0.52
14.480	0.65	0.09	-0.73
14.500	0.65	0.07	-1.00
14.520	0.65	0.05	-0.64
14.540	0.66	0.04	-0.62
14.560	0.66	0.03	-0.85
14.580	0.66	0.01	-0.97
14.600	0.66	-0.01	-0.99
14.620	0.66	-0.03	-0.75
14.640	0.66	-0.04	-0.74
14.660	0.65	-0.06	-0.86
14.680	0.65	-0.08	-0.86
14.700	0.65	-0.09	-0.86
14.720	0.65	-0.11	-0.87
14.740	0.65	-0.13	-0.75
14.760	0.64	-0.14	-0.62
14.780	0.64	-0.15	-2.15
14.800	0.64	-0.23	-2.40
14.820	0.63	-0.25	0.52
14.840	0.63	-0.21	0.88
14.860	0.62	-0.21	-0.61
14.880	0.62	-0.23	-1.12
14.900	0.61	-0.26	-0.67
14.920	0.61	-0.26	-0.42
14.940	0.60	-0.28	-0.56
14.960	0.60	-0.28	-0.29
14.980	0.59	-0.29	-0.81
15.000	0.59	-0.31	-0.13
15.020	0.58	-0.29	0.17
15.040	0.58	-0.30	-0.68
15.060	0.57	-0.32	-0.23
15.080	0.56	-0.31	0.02
15.100	0.56	-0.32	-0.24
15.120	0.55	-0.32	0.12
15.140	0.54	-0.31	0.12
15.160	0.54	-0.32	-1.54
15.180	0.53	-0.38	-1.27
15.200	0.52	-0.37	1.42
15.220	0.52	-0.32	1.16
15.240	0.51	-0.32	-0.04
15.260	0.50	-0.32	0.54
15.280	0.50	-0.30	0.57
15.300	0.49	-0.30	0.09
15.320	0.48	-0.30	0.30
15.340	0.48	-0.28	0.66
15.360	0.47	-0.27	0.43
15.380	0.47	-0.27	0.41
15.400	0.46	-0.26	0.75
15.420	0.46	-0.24	0.76
15.440	0.45	-0.22	0.65
15.460	0.45	-0.21	0.64
15.480	0.44	-0.20	0.75
15.500	0.44	-0.18	0.75
15.520	0.44	-0.17	0.75
15.540	0.43	-0.15	0.87
15.560	0.43	-0.13	0.75
15.580	0.43	-0.12	0.85
15.600	0.43	-0.10	0.97
15.620	0.42	-0.08	0.85
15.640	0.42	-0.07	0.97
15.660	0.42	-0.04	0.97
15.680	0.42	-0.03	0.85
15.700	0.42	-0.01	0.96
15.720	0.42	0.01	1.08
15.740	0.42	0.03	0.97
15.760	0.42	0.05	0.86
15.780	0.42	0.07	0.86
15.800	0.43	0.08	0.86
15.820	0.43	0.10	0.85
15.840	0.43	0.12	0.97
15.860	0.43	0.14	0.97
15.880	0.43	0.16	0.86
15.900	0.44	0.18	0.87
15.920	0.44	0.19	0.77
15.940	0.45	0.21	0.53
15.960	0.45	0.21	0.64
15.980	0.45	0.23	0.64
16.000	0.46	0.24	0.72
16.020	0.46	0.26	1.22
16.040	0.47	0.29	0.59
16.060	0.48	0.28	-0.25
16.080	0.48	0.28	0.27
16.100	0.49	0.29	1.10
16.120	0.49	0.32	0.68
16.140	0.50	0.32	0.10
16.160	0.51	0.33	0.23
16.180	0.51	0.33	-4.07E-4
16.200	0.52	0.33	-0.02
16.220	0.53	0.33	0.33
16.240	0.53	0.34	0.24
16.260	0.54	0.34	-0.11
16.280	0.55	0.34	-0.12
16.300	0.55	0.34	-0.09
16.320	0.56	0.33	1.08
16.340	0.57	0.38	1.28
16.360	0.57	0.38	-2.89
16.380	0.58	0.26	-1.98
16.400	0.58	0.30	3.06
16.420	0.59	0.39	-0.14
16.440	0.60	0.30	-2.66
16.460	0.61	0.28	-0.20
16.480	0.61	0.29	-0.26
16.500	0.62	0.27	-1.01
16.520	0.62	0.25	-0.57
16.540	0.63	0.25	1.14
16.560	0.63	0.29	0.58
16.580	0.64	0.27	-2.49
16.600	0.64	0.20	-2.38
16.620	0.65	0.17	-0.87
16.640	0.65	0.16	-0.74
16.660	0.65	0.14	-0.88
16.680	0.66	0.13	-0.63
16.700	0.66	0.12	-0.71
16.720	0.66	0.10	-1.20
16.740	0.66	0.07	-0.99
16.760	0.66	0.06	-0.74
16.780	0.66	0.04	-0.86
16.800	0.66	0.02	-0.86
16.820	0.66	0.01	-0.86
16.840	0.66	-0.01	-0.85
16.860	0.66	-0.03	-0.98
16.880	0.66	-0.05	-0.86
16.900	0.66	-0.06	-0.85
16.920	0.66	-0.08	-1.00
16.940	0.66	-0.10	-0.64
16.960	0.66	-0.11	-0.72
16.980	0.65	-0.13	-1.10
17.000	0.65	-0.15	-0.88
17.020	0.65	-0.17	-0.64
17.040	0.65	-0.18	-0.74
17.060	0.64	-0.20	-0.87
17.080	0.64	-0.21	-0.76
17.100	0.63	-0.23	-0.65
17.120	0.63	-0.24	-0.66
17.140	0.62	-0.25	-0.55
17.160	0.62	-0.26	-0.32
17.180	0.61	-0.27	-1.73
17.200	0.61	-0.33	-1.85
17.220	0.60	-0.34	1.08
17.240	0.59	-0.29	1.09
17.260	0.59	-0.30	-0.45
17.280	0.58	-0.31	-0.21
17.300	0.58	-0.30	-0.32
17.320	0.57	-0.32	-0.37
17.340	0.56	-0.32	0.22
17.360	0.56	-0.31	0.23
17.380	0.55	-0.31	0.01
17.400	0.54	-0.31	-0.12
17.420	0.54	-0.31	0.18
17.440	0.53	-0.30	-0.85
17.460	0.53	-0.35	-1.15
17.480	0.52	-0.35	1.39
17.500	0.51	-0.29	1.61
17.520	0.51	-0.28	0.21
17.540	0.50	-0.28	0.30
17.560	0.49	-0.27	0.65
17.580	0.49	-0.26	0.54
17.600	0.48	-0.25	0.54
17.620	0.48	-0.24	0.52
17.640	0.48	-0.23	0.75
17.660	0.47	-0.21	0.78
17.680	0.47	-0.20	0.42
17.700	0.46	-0.19	0.63
17.720	0.46	-0.17	0.87
17.740	0.46	-0.16	0.76
17.760	0.45	-0.14	0.64
17.780	0.45	-0.13	0.75
17.800	0.45	-0.11	0.86
17.820	0.45	-0.10	0.87
17.840	0.44	-0.08	0.75
17.860	0.44	-0.07	0.75
17.880	0.44	-0.05	0.87
17.900	0.44	-0.03	0.75
17.920	0.44	-0.02	0.75
17.940	0.44	0.00	0.87
17.960	0.44	0.02	0.75
17.980	0.44	0.03	0.75
18.000	0.44	0.05	0.87
18.020	0.44	0.06	0.64
18.040	0.44	0.07	0.63
18.060	0.45	0.09	0.87
18.080	0.45	0.11	0.77
18.100	0.45	0.12	0.54
18.120	0.45	0.13	0.52
18.140	0.45	0.14	0.76
18.160	0.46	0.16	0.66
18.180	0.46	0.17	0.43
18.200	0.46	0.18	0.44
18.220	0.47	0.18	0.19
18.240	0.47	0.18	0.51
18.260	0.48	0.21	1.01
18.280	0.48	0.22	0.34
18.300	0.48	0.22	-0.02
18.320	0.49	0.22	0.21
18.340	0.49	0.23	0.32
18.360	0.50	0.24	0.33
18.380	0.50	0.24	0.22
18.400	0.51	0.24	0.12
18.420	0.51	0.24	-5.44E-13
18.440	0.52	0.24	-0.01
18.460	0.52	0.24	0.10
18.480	0.53	0.25	0.24
18.500	0.53	0.25	-0.09
18.520	0.54	0.25	-0.34
18.540	0.54	0.24	-0.11
18.560	0.55	0.24	-0.19
18.580	0.55	0.23	0.96
18.600	0.56	0.28	1.27
18.620	0.56	0.28	-1.37
18.640	0.57	0.22	-1.83
18.660	0.57	0.21	-0.36
18.680	0.58	0.21	0.13
18.700	0.58	0.22	-0.15
18.720	0.58	0.20	-0.98
18.740	0.59	0.18	-0.91
18.760	0.59	0.17	-0.23
18.780	0.60	0.17	0.02
18.800	0.60	0.17	-0.17
18.820	0.60	0.16	-0.73
18.840	0.60	0.14	-1.12
18.860	0.61	0.12	0.73
18.880	0.61	0.17	1.22
18.900	0.61	0.17	-1.92
18.920	0.62	0.09	-2.17
18.940	0.62	0.08	-0.53
18.960	0.62	0.07	-0.63
18.980	0.62	0.05	-0.89
19.000	0.62	0.03	-0.55
19.020	0.62	0.03	-0.41
19.040	0.62	0.02	-0.65
19.060	0.62	0.01	-0.55
19.080	0.62	0.00	-0.42
19.100	0.62	-0.01	-0.53
19.120	0.62	-0.02	-0.65
19.140	0.62	-0.04	-0.65
19.160	0.62	-0.05	-0.66
19.180	0.62	-0.06	-0.44
19.200	0.62	-0.07	-0.30
19.220	0.62	-0.08	-0.54
19.240	0.62	-0.09	-0.56
19.260	0.61	-0.10	-0.21
19.280	0.61	-0.10	-1.60
19.300	0.61	-0.16	-1.96
19.320	0.60	-0.18	0.97
19.340	0.60	-0.12	1.07
19.360	0.60	-0.13	-0.22
19.380	0.60	-0.13	-0.18
19.400	0.59	-0.14	-0.68
19.420	0.59	-0.16	-0.26
19.440	0.59	-0.15	0.35
19.460	0.59	-0.15	0.03
19.480	0.58	-0.15	-0.30
19.500	0.58	-0.16	-0.57
19.520	0.58	-0.17	-0.25
19.540	0.57	-0.17	0.22
19.560	0.57	-0.16	0.12
19.580	0.57	-0.16	-0.01
19.600	0.56	-0.16	0.19
19.620	0.56	-0.16	-0.96
19.640	0.56	-0.20	-1.26
19.660	0.55	-0.21	1.17
19.680	0.55	-0.16	1.38
19.700	0.54	-0.15	0.22
19.720	0.54	-0.15	0.22
19.740	0.54	-0.14	0.22
19.760	0.54	-0.14	0.22
19.780	0.53	-0.13	0.22
19.800	0.53	-0.13	0.22
19.820	0.53	-0.13	0.22
19.840	0.53	-0.12	0.21
19.860	0.52	-0.12	0.32
19.880	0.52	-0.11	0.33
19.900	0.52	-0.10	0.21
19.920	0.52	-0.10	0.31
19.940	0.52	-0.09	0.45
19.960	0.51	-0.08	0.22
19.980	0.51	-0.08	0.08
20.000	0.51	-0.08	0.43
20.020	0.51	-0.06	0.45
20.040	0.51	-0.06	0.21
20.060	0.51	-0.06	0.32
20.080	0.51	-0.05	0.33
20.100	0.50	-0.04	0.21
20.120	0.50	-0.04	0.32
20.140	0.50	-0.03	0.33
20.160	0.50	-0.03	0.21
20.180	0.50	-0.02	0.31
20.200	0.50	-0.01	0.45
20.220	0.50	0.00	0.22
20.240	0.50	0.00	0.09
20.260	0.50	-6.27E-4	0.33
20.280	0.50	0.01	0.22
20.300	0.50	0.01	0.09
20.320	0.50	0.01	0.32
20.340	0.50	0.02	0.34
20.360	0.50	0.03	0.11
20.380	0.50	0.03	0.10
20.400	0.50	0.03	0.21
20.420	0.50	0.03	0.22
20.440	0.50	0.04	0.12
20.460	0.51	0.04	-0.01
20.480	0.51	0.04	0.10
20.500	0.51	0.04	0.22
20.520	0.51	0.05	0.12
20.540	0.51	0.05	-0.01
20.560	0.51	0.05	0.11
20.580	0.51	0.05	0.12
20.600	0.51	0.05	-2.43E-14
20.620	0.51	0.05	-2.43E-14
20.640	0.51	0.05	6.94E-14
20.660	0.52	0.05	0.00
20.680	0.52	0.05	0.00
20.700	0.52	0.05	-0.01
20.720	0.52	0.05	0.12
20.740	0.52	0.06	0.02
20.760	0.52	0.05	-0.33
20.780	0.52	0.04	1.38
20.800	0.52	0.11	0.22
20.820	0.53	0.05	-1.59
20.840	0.52	0.04	1.16
20.860	0.53	0.10	0.09
20.880	0.53	0.05	-1.26
20.900	0.53	0.05	-0.12
20.920	0.53	0.04	-0.01
20.940	0.53	0.05	0.12
20.960	0.53	0.05	-0.10
20.980	0.53	0.04	-0.22
21.000	0.53	0.04	-0.13
21.020	0.53	0.04	0.22
21.040	0.54	0.05	0.14
21.060	0.54	0.04	-0.33
21.080	0.54	0.03	-0.25
21.100	0.54	0.03	0.21
21.120	0.54	0.04	0.36
21.140	0.54	0.05	-0.20
21.160	0.54	0.03	-0.47
21.180	0.54	0.03	0.08
21.200	0.54	0.04	0.46
21.220	0.54	0.05	0.03
21.240	0.54	0.04	-0.46
21.260	0.54	0.03	-0.03
21.280	0.54	0.04	0.46
21.300	0.55	0.05	0.13
21.320	0.55	0.04	-0.23
21.340	0.55	0.04	-0.01
21.360	0.55	0.04	0.12
21.380	0.55	0.04	-0.01
21.400	0.55	0.04	0.11
21.420	0.55	0.05	0.21
21.440	0.55	0.05	-1.29
21.460	0.55	0.00	-0.08
21.480	0.55	0.05	2.77
21.500	0.55	0.11	-1.09
21.520	0.56	0.00	-2.75
21.540	0.55	0.00	2.46
21.560	0.56	0.10	2.98
21.580	0.56	0.12	-2.36
21.600	0.56	0.01	-2.87
21.620	0.56	5.46E-4	2.58
21.640	0.56	0.11	1.48
21.660	0.56	0.06	-2.79
21.680	0.56	1.44E-4	1.40
21.700	0.56	0.12	1.72
21.720	0.57	0.07	-2.89
21.740	0.57	9.03E-5	1.08
21.760	0.57	0.11	2.80
21.780	0.57	0.11	-1.55
21.800	0.57	0.05	-1.06
21.820	0.57	0.07	0.28
21.840	0.57	0.06	-0.58
21.860	0.58	0.05	-0.03
21.880	0.58	0.06	0.38
21.900	0.58	0.06	-0.32
21.920	0.58	0.05	-0.36
21.940	0.58	0.05	0.12
21.960	0.58	0.05	0.02
21.980	0.58	0.05	-0.22
22.000	0.58	0.04	-0.12
22.020	0.58	0.04	0.01
22.040	0.58	0.04	-0.07
22.060	0.59	0.04	-0.53
22.080	0.59	0.02	-0.69
22.100	0.59	0.01	-0.12
22.120	0.59	0.02	0.03
22.140	0.59	0.01	-0.32
22.160	0.59	0.00	-0.34
22.180	0.59	0.00	0.04
22.200	0.59	0.01	-1.81
22.220	0.59	-0.07	-2.48
22.240	0.58	-0.09	3.09
22.260	0.58	0.05	3.90
22.280	0.59	0.06	-1.87
22.300	0.59	-0.02	-2.86
22.320	0.59	-0.05	-0.71
22.340	0.58	-0.05	0.13
22.360	0.58	-0.05	-0.19
22.380	0.58	-0.06	-0.57
22.400	0.58	-0.07	-0.09
22.420	0.58	-0.06	-0.31
22.440	0.58	-0.08	-0.45
22.460	0.58	-0.08	-0.19
22.480	0.58	-0.09	-0.56
22.500	0.57	-0.10	-0.22
22.520	0.57	-0.10	-0.21
22.540	0.57	-0.11	-0.33
22.560	0.57	-0.11	-0.20
22.580	0.56	-0.12	-0.45
22.600	0.56	-0.13	-0.22
22.620	0.56	-0.13	-0.10
22.640	0.56	-0.13	-0.21
22.660	0.55	-0.14	-0.22
22.680	0.55	-0.14	-1.64
22.700	0.55	-0.20	-1.49
22.720	0.54	-0.20	1.20
22.740	0.54	-0.15	1.05
22.760	0.54	-0.16	-1.93E-4
22.780	0.53	-0.15	0.02
22.800	0.53	-0.16	-0.22
22.820	0.53	-0.16	-0.12
22.840	0.52	-0.16	0.00
22.860	0.52	-0.16	0.00
22.880	0.52	-0.16	-0.01
22.900	0.51	-0.16	0.10
22.920	0.51	-0.16	0.23
22.940	0.51	-0.15	0.01
22.960	0.50	-0.16	-0.12
22.980	0.50	-0.16	0.10
23.000	0.50	-0.16	0.20
23.020	0.50	-0.15	0.43
23.040	0.49	-0.14	0.48
23.060	0.49	-0.13	0.21
23.080	0.49	-0.13	-6.56
23.100	0.48	-0.39	-2.62
23.120	0.47	-0.23	13.31
23.140	0.48	0.14	6.11
23.160	0.48	0.01	-5.37
23.180	0.48	-0.08	-2.31
23.200	0.47	-0.08	0.09
23.220	0.47	-0.07	0.31
23.240	0.47	-0.07	0.54
23.260	0.47	-0.05	0.44
23.280	0.47	-0.05	0.29
23.300	0.47	-0.04	0.89
23.320	0.47	-0.02	0.44
23.340	0.47	-0.02	0.17
23.360	0.47	-0.01	1.03
23.380	0.47	0.02	-1.63
23.400	0.47	-0.08	-1.73
23.420	0.46	-0.05	5.35
23.440	0.46	0.14	4.48
23.460	0.47	0.13	-1.61
23.480	0.47	0.07	-5.27
23.500	0.47	-0.08	-2.53
23.520	0.47	-0.03	8.57
23.540	0.47	0.26	6.20
23.560	0.48	0.22	-3.42
23.580	0.48	0.12	-2.22
23.600	0.48	0.13	0.54
23.620	0.48	0.15	0.54
23.640	0.49	0.15	0.57
23.660	0.49	0.17	-1.20
23.680	0.49	0.11	-6.26
23.700	0.50	-0.08	-0.38
23.720	0.49	0.09	13.70
23.740	0.50	0.47	7.35
23.760	0.51	0.39	-6.29
23.780	0.51	0.21	-4.17
23.800	0.52	0.22	0.32
23.820	0.52	0.23	0.33
23.840	0.53	0.23	0.22
23.860	0.53	0.24	0.11
23.880	0.54	0.24	0.10
23.900	0.54	0.24	0.13
23.920	0.55	0.24	1.29
23.940	0.55	0.29	1.59
23.960	0.56	0.30	-2.57
23.980	0.56	0.19	-1.61
24.000	0.57	0.24	2.92
24.020	0.57	0.31	-0.08
24.040	0.58	0.24	-1.99
24.060	0.58	0.23	0.11
24.080	0.59	0.24	0.15
24.100	0.59	0.23	-0.46
24.120	0.60	0.22	-0.11
24.140	0.60	0.23	-0.08
24.160	0.61	0.22	-0.42
24.180	0.61	0.21	-0.53
24.200	0.61	0.20	-0.64
24.220	0.62	0.19	-0.64
24.240	0.62	0.17	-0.65
24.260	0.62	0.16	-0.53
24.280	0.63	0.15	-0.76
24.300	0.63	0.13	0.63
24.320	0.63	0.18	1.12
24.340	0.64	0.17	-1.92
24.360	0.64	0.10	-2.16
24.380	0.64	0.09	-0.74
24.400	0.64	0.07	-0.87
24.420	0.64	0.05	-0.76
24.440	0.65	0.04	-0.63
24.460	0.65	0.03	-0.74
24.480	0.65	0.01	-0.87
24.500	0.65	-0.01	-0.76
24.520	0.65	-0.02	-0.64
24.540	0.65	-0.03	-0.74
24.560	0.65	-0.05	-0.86
24.580	0.64	-0.07	-0.87
24.600	0.64	-0.08	-0.76
24.620	0.64	-0.10	-0.64
24.640	0.64	-0.11	-0.62
24.660	0.64	-0.12	-2.16
24.680	0.63	-0.20	-2.29
24.700	0.63	-0.21	0.64
24.720	0.63	-0.17	0.76
24.740	0.62	-0.18	-0.65
24.760	0.62	-0.20	-0.66
24.780	0.61	-0.21	-0.51
24.800	0.61	-0.22	-0.85
24.820	0.61	-0.24	-1.06
24.840	0.60	-0.26	0.13
24.860	0.59	-0.24	-0.04
24.880	0.59	-0.26	-0.89
24.900	0.58	-0.27	-0.57
24.920	0.58	-0.28	-0.23
24.940	0.57	-0.28	0.01
24.960	0.57	-0.28	-0.11
24.980	0.56	-0.29	0.01
25.000	0.56	-0.28	-1.73
25.020	0.55	-0.36	-0.23
25.040	0.54	-0.29	1.61
25.060	0.54	-0.29	-1.40
25.080	0.53	-0.35	0.03
25.100	0.52	-0.29	1.19
25.120	0.52	-0.30	-0.36
25.140	0.51	-0.31	0.18
25.160	0.51	-0.29	0.66
25.180	0.50	-0.28	0.45
25.200	0.50	-0.28	0.22
25.220	0.49	-0.27	0.20
25.240	0.48	-0.27	0.42
25.260	0.48	-0.25	0.54
25.280	0.47	-0.25	0.54
25.300	0.47	-0.23	0.55
25.320	0.46	-0.22	0.42
25.340	0.46	-0.22	0.64
25.360	0.46	-0.20	0.77
25.380	0.45	-0.19	0.52
25.400	0.45	-0.18	0.75
25.420	0.45	-0.16	0.88
25.440	0.44	-0.14	0.63
25.460	0.44	-0.13	0.86
25.480	0.44	-0.11	0.87
25.500	0.44	-0.10	0.64
25.520	0.43	-0.08	0.74
25.540	0.43	-0.07	0.97
25.560	0.43	-0.04	0.97
25.580	0.43	-0.03	0.86
25.600	0.43	-0.01	0.85
25.620	0.43	0.01	0.97
25.640	0.43	0.03	0.98
25.660	0.43	0.05	0.75
25.680	0.43	0.06	0.75
25.700	0.43	0.08	0.86
25.720	0.43	0.09	0.85
25.740	0.44	0.11	0.97
25.760	0.44	0.13	0.87
25.780	0.44	0.15	0.64
25.800	0.45	0.16	0.74
25.820	0.45	0.18	0.87
25.840	0.45	0.19	0.77
25.860	0.46	0.21	0.53
25.880	0.46	0.21	0.64
25.900	0.46	0.23	0.66
25.920	0.47	0.24	0.42
25.940	0.47	0.25	0.53
25.960	0.48	0.26	0.65
25.980	0.48	0.27	0.57
26.000	0.49	0.28	0.43
26.020	0.50	0.29	-4.15
26.040	0.50	0.12	-6.69
26.060	0.50	0.02	-2.50
26.080	0.50	0.02	11.91
26.100	0.50	0.50	16.56
26.120	0.52	0.68	-1.31
26.140	0.53	0.45	-23.36
26.160	0.54	-0.25	-4.70
26.180	0.52	0.26	30.93
26.200	0.55	0.98	1.47
26.220	0.56	0.32	-16.85
26.240	0.56	0.31	-0.33
26.260	0.57	0.31	1.33
26.280	0.58	0.36	-0.43
26.300	0.58	0.29	-2.08
26.320	0.59	0.28	1.30
26.340	0.60	0.34	-0.10
26.360	0.60	0.28	-1.72
26.380	0.61	0.27	-0.29
26.400	0.61	0.26	-0.63
26.420	0.62	0.25	-0.76
26.440	0.62	0.23	-0.75
26.460	0.63	0.22	0.54
26.480	0.63	0.25	0.77
26.500	0.64	0.25	-2.03
26.520	0.64	0.17	-2.28
26.540	0.64	0.16	-0.75
26.560	0.65	0.14	-0.74
26.580	0.65	0.13	-0.86
26.600	0.65	0.11	-0.86
26.620	0.65	0.09	-0.86
26.640	0.66	0.07	-0.86
26.660	0.66	0.06	-0.86
26.680	0.66	0.04	-0.86
26.700	0.66	0.02	-0.87
26.720	0.66	0.01	-0.75
26.740	0.66	-0.01	-0.73
26.760	0.66	-0.02	-0.97
26.780	0.66	-0.05	-1.12
26.800	0.66	-0.07	0.78
26.820	0.66	-0.01	-0.47
26.840	0.66	-0.09	-4.04
26.860	0.65	-0.18	-1.01
26.880	0.65	-0.13	0.91
26.900	0.65	-0.14	-0.84
26.920	0.64	-0.16	-1.11
26.940	0.64	-0.18	-0.77
26.960	0.64	-0.19	-0.38
26.980	0.63	-0.20	-2.42
27.000	0.63	-0.29	-0.83
27.020	0.62	-0.23	2.98
27.040	0.62	-0.17	0.10
27.060	0.61	-0.23	-8.02
27.080	0.61	-0.49	-5.89
27.100	0.59	-0.46	9.95
27.120	0.59	-0.09	7.54
27.140	0.59	-0.16	-4.77
27.160	0.58	-0.28	-3.22
27.180	0.58	-0.29	-0.55
27.200	0.57	-0.31	-1.99
27.220	0.57	-0.37	-0.03
27.240	0.56	-0.31	1.99
27.260	0.56	-0.29	-1.70
27.280	0.55	-0.37	-0.63
27.300	0.54	-0.32	0.47
27.320	0.53	-0.36	1.36
27.340	0.53	-0.26	3.75
27.360	0.52	-0.21	-0.31
27.380	0.52	-0.27	-3.83
27.400	0.51	-0.36	-0.07
27.420	0.50	-0.28	4.29
27.440	0.50	-0.19	-0.15
27.460	0.50	-0.28	-1.26
27.480	0.49	-0.24	1.48
27.500	0.49	-0.22	0.31
27.520	0.48	-0.23	0.54
27.540	0.48	-0.20	0.74
27.560	0.47	-0.20	-2.41
27.580	0.47	-0.30	-1.23
27.600	0.46	-0.25	-8.57
27.620	0.46	-0.64	-20.19
27.640	0.44	-1.05	11.41
27.660	0.42	-0.18	36.20
27.680	0.43	0.40	13.23
27.700	0.43	0.34	-12.18
27.720	0.44	-0.09	-14.68
27.740	0.43	-0.24	11.46
27.760	0.43	0.37	13.52
27.780	0.44	0.30	-9.57
27.800	0.44	-0.02	-8.14
27.820	0.44	-0.03	-1.45
27.840	0.44	-0.07	-0.83
27.860	0.44	-0.06	2.11
27.880	0.44	0.01	4.59
27.900	0.44	0.12	3.62
27.920	0.45	0.16	-1.03
27.940	0.45	0.08	-3.82
27.960	0.45	0.00	0.38
27.980	0.45	0.10	4.98
28.000	0.45	0.20	1.01
28.020	0.46	0.14	-1.51
28.040	0.46	0.14	0.34
28.060	0.46	0.15	-0.04
28.080	0.46	0.14	0.47
28.100	0.47	0.17	1.57
28.120	0.47	0.20	0.58
28.140	0.47	0.19	-0.12
28.160	0.48	0.20	0.24
28.180	0.48	0.20	-1.77
28.200	0.49	0.13	-1.36
28.220	0.49	0.15	4.57
28.240	0.49	0.31	4.04
28.260	0.50	0.31	-1.36
28.280	0.51	0.26	-8.08
28.300	0.51	-0.01	-10.40
28.320	0.50	-0.16	5.68
28.340	0.50	0.21	17.81
28.360	0.51	0.55	5.17
28.380	0.53	0.42	-10.94
28.400	0.53	0.11	-3.86
28.420	0.53	0.27	1.25
28.440	0.54	0.16	-6.34
28.460	0.54	0.01	2.26
28.480	0.54	0.25	5.13
28.500	0.55	0.22	5.15
28.520	0.55	0.46	9.05
28.540	0.57	0.58	-3.76
28.560	0.57	0.31	-11.34
28.580	0.58	0.13	-5.26
28.600	0.58	0.10	2.00
28.620	0.58	0.21	-2.54
28.640	0.59	-9.58E-4	-8.00
28.660	0.58	-0.11	1.90
28.680	0.58	0.08	6.92
28.700	0.59	0.16	1.03
28.720	0.59	0.12	-1.50
28.740	0.59	0.10	2.28
28.760	0.59	0.21	4.92
28.780	0.60	0.30	1.68
28.800	0.60	0.27	-5.52
28.820	0.61	0.08	-9.30
28.840	0.61	-0.10	-5.17
28.860	0.61	-0.13	1.19
28.880	0.60	-0.05	6.11
28.900	0.60	0.12	10.75
28.920	0.61	0.38	6.50
28.940	0.62	0.38	-7.27
28.960	0.62	0.09	-9.60
28.980	0.62	-0.01	-2.76
29.000	0.62	-0.02	-0.54
29.020	0.62	-0.03	-0.52
29.040	0.62	-0.04	-0.76
29.060	0.62	-0.06	-0.56
29.080	0.62	-0.06	-1.60
29.100	0.62	-0.12	-1.94
29.120	0.61	-0.14	0.75
29.140	0.61	-0.09	0.85
29.160	0.61	-0.11	-0.34
29.180	0.61	-0.11	-0.08
29.200	0.61	-0.11	-0.43
29.220	0.60	-0.12	-0.41
29.240	0.60	-0.13	-0.65
29.260	0.60	-0.15	-0.71
29.280	0.59	-0.16	0.09
29.300	0.59	-0.15	0.35
29.320	0.59	-0.14	0.05
29.340	0.59	-0.14	-0.53
29.360	0.58	-0.16	-0.69
29.380	0.58	-0.17	-0.04
29.400	0.58	-0.16	-0.97
29.420	0.57	-0.21	-1.16
29.440	0.57	-0.21	1.31
29.460	0.56	-0.16	1.18
29.480	0.56	-0.16	-0.22
29.500	0.56	-0.17	-0.13
29.520	0.55	-0.17	0.21
29.540	0.55	-0.16	0.34
29.560	0.55	-0.15	0.30
29.580	0.54	-0.15	-1.86
29.600	0.54	-0.23	-9.07
29.620	0.54	-0.51	-6.87
29.640	0.52	-0.50	9.05
29.660	0.52	-0.15	15.73
29.680	0.52	0.12	7.15
29.700	0.52	0.14	-4.26
29.720	0.52	-0.05	-6.71
29.740	0.52	-0.13	-1.33
29.760	0.52	-0.10	-3.66
29.780	0.51	-0.28	-7.17
29.800	0.50	-0.39	-2.00
29.820	0.50	-0.36	3.44
29.840	0.49	-0.25	6.86
29.860	0.49	-0.08	5.84
29.880	0.49	-0.01	2.20
29.900	0.49	0.01	1.12
29.920	0.49	0.03	5.50
29.940	0.49	0.23	2.44
29.960	0.50	0.13	-5.40
29.980	0.50	0.01	-1.89
30.000	0.50	0.05	-1.04
30.020	0.50	-0.03	-0.19
30.040	0.50	0.04	2.97
30.060	0.50	0.09	-1.10
30.080	0.50	6.24E-4	-2.42
30.100	0.50	-0.01	-0.02
30.120	0.50	-3.12E-4	0.32
30.140	0.50	0.00	0.32
30.160	0.50	0.01	0.32
30.180	0.50	0.02	0.32
30.200	0.50	0.03	0.34
30.220	0.50	0.03	0.11
30.240	0.50	0.03	0.11
30.260	0.50	0.03	0.11
30.280	0.50	0.03	0.09
30.300	0.50	0.04	0.31
30.320	0.50	0.05	0.45
30.340	0.50	0.06	0.23
30.360	0.51	0.06	6.94E-14
30.380	0.51	0.06	0.00
30.400	0.51	0.06	-0.02
30.420	0.51	0.06	0.39
30.440	0.51	0.07	-1.82
30.460	0.51	-0.02	-7.02
30.480	0.51	-0.21	-2.93
30.500	0.50	-0.13	13.30
30.520	0.50	0.32	11.79
30.540	0.52	0.34	-4.95
30.560	0.52	0.12	-6.56
30.580	0.52	0.07	-3.54
30.600	0.52	-0.02	-0.89
30.620	0.52	0.04	2.71
30.640	0.52	0.09	1.00
30.660	0.52	0.08	-1.12
30.680	0.53	0.05	0.92
30.700	0.53	0.12	1.85
30.720	0.53	0.12	-1.51
30.740	0.53	0.06	-1.50
30.760	0.53	0.06	-0.10
30.780	0.53	0.05	-0.25
30.800	0.53	0.05	0.24
30.820	0.54	0.06	-0.07
30.840	0.54	0.05	-0.60
30.860	0.54	0.04	0.22
30.880	0.54	0.06	0.37
30.900	0.54	0.05	-1.86
30.920	0.54	-0.02	-0.10
30.940	0.54	0.05	3.03
30.960	0.54	0.10	-1.74
30.980	0.54	-0.02	-1.83
31.000	0.54	0.03	2.89
31.020	0.54	0.09	-1.29
31.040	0.55	-0.02	-1.49
31.060	0.54	0.03	1.54
31.080	0.55	0.04	-1.79
31.100	0.55	-0.04	-2.41
31.120	0.55	-0.06	-0.47
31.140	0.54	-0.06	1.47
31.160	0.54	0.00	1.84
31.180	0.54	0.02	3.31
31.200	0.54	0.14	1.09
31.220	0.55	0.06	-5.42
31.240	0.55	-0.08	0.74
31.260	0.55	0.09	5.74
31.280	0.55	0.15	-0.62
31.300	0.55	0.07	-2.48
31.320	0.55	0.05	-0.89
31.340	0.55	0.03	-0.46
31.360	0.55	0.03	-0.01
31.380	0.55	0.03	0.11
31.400	0.55	0.03	0.13
31.420	0.56	0.04	-0.25
31.440	0.56	0.02	0.22
31.460	0.56	0.04	0.13
31.480	0.56	0.03	-0.07
31.500	0.56	0.04	-2.22
31.520	0.56	-0.06	-0.29
31.540	0.56	0.03	5.37
31.560	0.56	0.16	-0.13
31.580	0.56	0.02	-2.96
31.600	0.56	0.04	0.59
31.620	0.56	0.05	1.32
31.640	0.56	0.09	1.27
31.660	0.57	0.10	-2.53
31.680	0.57	-0.01	-5.06
31.700	0.57	-0.10	0.43
31.720	0.56	0.01	5.11
31.740	0.57	0.10	-1.14
31.760	0.57	-0.04	-3.55
31.780	0.57	-0.04	2.01
31.800	0.57	0.04	4.06
31.820	0.57	0.12	1.96
31.840	0.57	0.12	-3.93
31.860	0.57	-0.04	-4.86
31.880	0.57	-0.07	-0.43
31.900	0.57	-0.05	0.91
31.920	0.57	-0.04	1.93
31.940	0.57	0.02	-0.69
31.960	0.57	-0.07	-3.10
31.980	0.56	-0.10	-0.87
32.000	0.56	-0.10	3.08
32.020	0.56	0.02	9.42
32.040	0.57	0.28	7.78
32.060	0.57	0.33	-2.25
32.080	0.58	0.19	-8.15
32.100	0.58	0.01	-4.50
32.120	0.58	0.01	-0.54
32.140	0.58	-0.01	-0.54
32.160	0.58	-0.02	-0.52
32.180	0.58	-0.03	-0.82
32.200	0.58	-0.05	0.08
32.220	0.58	-0.03	0.62
32.240	0.58	-0.02	-1.92
32.260	0.58	-0.11	-1.04
32.280	0.57	-0.07	2.90
32.300	0.57	0.01	0.27
32.320	0.57	-0.05	-1.98
32.340	0.57	-0.07	-2.06E-4
32.360	0.57	-0.05	0.07
32.380	0.57	-0.07	-0.90
32.400	0.57	-0.09	-0.35
32.420	0.56	-0.08	-1.48
32.440	0.56	-0.15	-0.57
32.460	0.56	-0.10	1.39
32.480	0.56	-0.09	0.04
32.500	0.56	-0.10	1.08
32.520	0.56	-0.05	-0.20
32.540	0.55	-0.11	-3.48
32.560	0.55	-0.19	-1.89
32.580	0.55	-0.19	3.49
32.600	0.54	-0.05	1.76
32.620	0.54	-0.12	-3.35
32.640	0.54	-0.18	-0.43
32.660	0.54	-0.13	2.68
32.680	0.53	-0.08	0.09
32.700	0.53	-0.13	-2.87
32.720	0.53	-0.19	-0.44
32.740	0.53	-0.15	1.24
32.760	0.52	-0.14	0.45
32.780	0.52	-0.13	0.26
32.800	0.52	-0.13	-0.34
32.820	0.51	-0.14	-0.13
32.840	0.51	-0.14	0.22
32.860	0.51	-0.13	0.23
32.880	0.51	-0.13	0.01
32.900	0.50	-0.13	-0.11
32.920	0.50	-0.13	-0.15
32.940	0.50	-0.14	0.51
32.960	0.50	-0.11	1.03
32.980	0.49	-0.10	0.12
33.000	0.49	-0.11	-0.01
33.020	0.49	-0.10	0.41
33.040	0.49	-0.09	-4.05
33.060	0.49	-0.26	-7.18
33.080	0.48	-0.38	6.83
33.100	0.47	0.01	15.18
33.120	0.48	0.23	0.49
33.140	0.48	0.03	-8.88
33.160	0.48	-0.13	-6.58
33.180	0.47	-0.23	-0.06
33.200	0.47	-0.13	7.61
33.220	0.47	0.07	6.90
33.240	0.47	0.15	-1.48
33.260	0.48	0.01	-5.46
33.280	0.47	-0.07	-2.66
33.300	0.47	-0.09	0.09
33.320	0.47	-0.07	3.41
33.340	0.47	0.04	7.41
33.360	0.47	0.23	4.64
33.380	0.48	0.23	-3.87
33.400	0.48	0.07	-5.75
33.420	0.48	-3.00E-4	-1.90
33.440	0.48	0.00	2.32
33.460	0.48	0.09	4.91
33.480	0.48	0.19	0.69
33.500	0.49	0.12	-1.76
33.520	0.49	0.12	0.55
33.540	0.49	0.14	-1.42
33.560	0.49	0.07	2.03
33.580	0.50	0.22	2.49
33.600	0.50	0.17	-1.16
33.620	0.50	0.18	1.85
33.640	0.51	0.24	0.05
33.660	0.51	0.18	-0.85
33.680	0.52	0.21	0.59
33.700	0.52	0.20	-0.10
33.720	0.53	0.20	0.09
33.740	0.53	0.21	-4.39
33.760	0.53	0.03	-2.41
33.780	0.53	0.11	9.02
33.800	0.54	0.39	5.29
33.820	0.55	0.32	-4.10
33.840	0.55	0.22	-2.64
33.860	0.56	0.22	1.07
33.880	0.56	0.27	1.37
33.900	0.57	0.27	-1.16
33.920	0.57	0.22	-1.49
33.940	0.57	0.21	-0.23
33.960	0.58	0.21	-0.01
33.980	0.58	0.21	0.11
34.000	0.59	0.21	0.14
34.020	0.59	0.22	-0.19
34.040	0.60	0.21	-0.52
34.060	0.60	0.19	-0.78
34.080	0.60	0.18	-0.46
34.100	0.61	0.18	-0.07
34.120	0.61	0.17	-0.52
34.140	0.61	0.16	-0.77
34.160	0.62	0.14	-0.66
34.180	0.62	0.13	0.98
34.200	0.62	0.18	-0.30
34.220	0.63	0.12	-2.05
34.240	0.63	0.10	0.76
34.260	0.63	0.15	-0.53
34.280	0.63	0.08	-2.05
34.300	0.63	0.07	-0.64
34.320	0.64	0.05	-0.63
34.340	0.64	0.04	-0.75
34.360	0.64	0.02	-0.76
34.380	0.64	0.01	-0.63
34.400	0.64	0.00	-0.75
34.420	0.64	-0.02	-0.77
34.440	0.64	-0.03	-0.53
34.460	0.64	-0.04	-0.63
34.480	0.63	-0.06	-0.87
34.500	0.63	-0.08	-0.75
34.520	0.63	-0.09	-0.76
34.540	0.63	-0.11	-0.54
34.560	0.63	-0.11	-1.81
34.580	0.63	-0.18	-2.28
34.600	0.62	-0.20	0.53
34.620	0.62	-0.16	0.76
34.640	0.61	-0.17	-0.65
34.660	0.61	-0.18	-0.66
34.680	0.61	-0.20	-0.58
34.700	0.60	-0.21	-0.11
34.720	0.60	-0.20	-0.03
34.740	0.59	-0.21	-0.96
34.760	0.59	-0.24	-1.20
34.780	0.59	-0.26	0.35
34.800	0.58	-0.23	0.10
34.820	0.58	-0.25	-1.27
34.840	0.57	-0.28	-0.14
34.860	0.56	-0.26	0.26
34.880	0.56	-0.27	-0.35
34.900	0.55	-0.27	0.09
34.920	0.55	-0.26	-1.17
34.940	0.54	-0.32	-1.60
34.960	0.54	-0.33	1.17
34.980	0.53	-0.27	1.39
35.000	0.53	-0.27	1.27E-12
35.020	0.52	-0.27	-0.02
35.040	0.51	-0.27	0.22
35.060	0.51	-0.26	0.22
35.080	0.50	-0.26	0.09
35.100	0.50	-0.26	0.32
35.120	0.49	-0.25	0.32
35.140	0.49	-0.25	0.43
35.160	0.48	-0.23	0.44
35.180	0.48	-0.23	0.57
35.200	0.47	-0.21	-3.38
35.220	0.47	-0.36	-1.43
35.240	0.46	-0.27	6.08
35.260	0.46	-0.12	2.01
35.280	0.46	-0.19	-0.95
35.300	0.45	-0.16	0.27
35.320	0.45	-0.18	2.96
35.340	0.45	-0.04	2.40
35.360	0.45	-0.08	-3.66
35.380	0.44	-0.19	-0.32
35.400	0.44	-0.09	5.10
35.420	0.44	0.02	2.83
35.440	0.44	0.02	-1.31
35.460	0.44	-0.04	-1.07
35.480	0.44	-0.02	0.64
35.500	0.44	-0.01	0.75
35.520	0.44	0.01	0.86
35.540	0.44	0.02	0.87
35.560	0.44	0.04	0.76
35.580	0.44	0.06	0.63
35.600	0.44	0.07	0.85
35.620	0.44	0.09	0.98
35.640	0.45	0.11	0.76
35.660	0.45	0.12	0.64
35.680	0.45	0.13	0.75
35.700	0.45	0.15	0.76
35.720	0.46	0.16	0.64
35.740	0.46	0.18	0.76
35.760	0.46	0.19	0.66
35.780	0.47	0.20	0.42
35.800	0.47	0.21	0.54
35.820	0.48	0.22	0.54
35.840	0.48	0.23	0.42
35.860	0.48	0.24	0.53
35.880	0.49	0.25	0.66
35.900	0.49	0.27	0.44
35.920	0.50	0.27	0.21
35.940	0.51	0.27	0.33
35.960	0.51	0.28	0.22
35.980	0.52	0.28	0.10
36.000	0.52	0.29	0.24
36.020	0.53	0.29	-0.12
36.040	0.53	0.28	0.07
36.060	0.54	0.30	0.49
36.080	0.55	0.30	1.20
36.100	0.55	0.34	-0.37
36.120	0.56	0.29	-1.38
36.140	0.56	0.29	1.42
36.160	0.57	0.34	-0.24
36.180	0.58	0.28	-1.49
36.200	0.58	0.28	-0.18
36.220	0.59	0.27	-0.69
36.240	0.59	0.26	-0.10
36.260	0.60	0.27	-0.18
36.280	0.60	0.25	-0.66
36.300	0.61	0.24	-0.40
36.320	0.61	0.23	-0.87
36.340	0.62	0.21	0.52
36.360	0.62	0.25	1.00
36.380	0.63	0.25	-1.93
36.400	0.63	0.18	-2.04
36.420	0.64	0.16	-0.74
36.440	0.64	0.15	-0.88
36.460	0.64	0.13	-0.64
36.480	0.64	0.12	-0.61
36.500	0.65	0.11	-0.98
36.520	0.65	0.08	-0.87
36.540	0.65	0.07	-0.74
36.560	0.65	0.05	-0.86
36.580	0.65	0.04	-0.86
36.600	0.65	0.02	-0.86
36.620	0.65	0.00	-0.87
36.640	0.65	-0.02	-0.76
36.660	0.65	-0.03	-0.62
36.680	0.65	-0.04	-0.85
36.700	0.65	-0.06	-0.99
36.720	0.65	-0.08	-0.75
36.740	0.65	-0.09	-0.74
36.760	0.64	-0.11	-0.87
36.780	0.64	-0.13	-0.76
36.800	0.64	-0.14	-0.65
36.820	0.64	-0.15	-0.65
36.840	0.63	-0.17	-0.64
36.860	0.63	-0.18	-0.65
36.880	0.63	-0.19	-1.96
36.900	0.62	-0.26	-1.95
36.920	0.62	-0.27	0.75
36.940	0.61	-0.23	0.86
36.960	0.61	-0.24	-0.40
36.980	0.60	-0.24	-0.79
37.000	0.60	-0.27	-0.34
37.020	0.59	-0.26	-0.06
37.040	0.59	-0.27	-0.69
37.060	0.58	-0.28	-0.12
37.080	0.58	-0.27	0.01
37.100	0.57	-0.28	-0.12
37.120	0.56	-0.28	0.10
37.140	0.56	-0.28	-1.19
37.160	0.55	-0.33	-1.25
37.180	0.55	-0.33	1.07
37.200	0.54	-0.28	1.26
37.220	0.53	-0.28	0.22
37.240	0.53	-0.28	0.22
37.260	0.52	-0.27	0.22
37.280	0.52	-0.27	0.22
37.300	0.51	-0.26	0.23
37.320	0.51	-0.26	-0.03
37.340	0.50	-0.26	0.39
37.360	0.50	-0.24	1.00
37.380	0.49	-0.22	0.68
37.400	0.49	-0.22	-1.49
37.420	0.48	-0.28	-0.22
37.440	0.48	-0.22	1.55
37.460	0.47	-0.22	-0.78
37.480	0.47	-0.25	-0.49
37.500	0.46	-0.24	0.16
37.520	0.46	-0.25	4.62
37.540	0.45	-0.06	3.41
37.560	0.46	-0.11	-3.25
37.580	0.45	-0.19	0.28
37.600	0.45	-0.10	4.52
37.620	0.45	-0.01	4.80
37.640	0.45	0.09	0.33
37.660	0.45	0.01	-3.37
37.680	0.45	-0.04	-2.91
37.700	0.45	-0.11	-1.21
37.720	0.44	-0.09	2.68
37.740	0.44	0.00	2.88
37.760	0.44	0.02	1.47
37.780	0.45	0.06	2.17
37.800	0.45	0.11	0.15
37.820	0.45	0.06	-0.44
37.840	0.45	0.09	-2.08
37.860	0.45	-0.02	-0.15
37.880	0.45	0.09	7.85
37.900	0.46	0.29	1.04
37.920	0.46	0.13	-3.93
37.940	0.46	0.14	0.54
37.960	0.47	0.15	0.66
37.980	0.47	0.16	-1.25
38.000	0.47	0.10	-2.05
38.020	0.47	0.08	-0.31
38.040	0.47	0.09	1.10
38.060	0.48	0.13	2.38
38.080	0.48	0.18	2.12
38.100	0.48	0.21	0.91
38.120	0.49	0.22	1.69
38.140	0.49	0.28	2.38
38.160	0.50	0.31	-2.79
38.180	0.50	0.17	-1.58
38.200	0.51	0.25	3.09
38.220	0.51	0.29	-1.07
38.240	0.52	0.21	-2.14
38.260	0.52	0.20	-10.61
38.280	0.53	-0.22	-0.20
38.300	0.51	0.20	22.11
38.320	0.53	0.67	2.99
38.340	0.54	0.32	-6.45
38.360	0.55	0.41	1.89
38.380	0.56	0.39	-4.90
38.400	0.56	0.21	-4.32
38.420	0.57	0.22	0.36
38.440	0.57	0.23	-0.05
38.460	0.57	0.22	-0.76
38.480	0.58	0.20	-0.66
38.500	0.58	0.19	-0.43
38.520	0.59	0.18	-0.43
38.540	0.59	0.17	-0.42
38.560	0.59	0.16	-0.52
38.580	0.60	0.15	-0.71
38.600	0.60	0.14	-1.29
38.620	0.60	0.10	-0.08
38.640	0.60	0.13	1.12
38.660	0.61	0.15	-0.82
38.680	0.61	0.10	0.07
38.700	0.61	0.15	-0.66
38.720	0.62	0.07	-1.96
38.740	0.61	0.07	-0.18
38.760	0.62	0.07	-1.83
38.780	0.62	0.00	-3.25
38.800	0.62	-0.06	-2.06
38.820	0.61	-0.09	3.30
38.840	0.61	0.07	4.11
38.860	0.62	0.08	-1.33
38.880	0.62	0.02	-2.24
38.900	0.62	-0.01	-1.22
38.920	0.62	-0.03	-0.77
38.940	0.62	-0.04	-0.51
38.960	0.62	-0.05	-0.89
38.980	0.61	-0.08	-0.56
39.000	0.61	-0.08	-0.27
39.020	0.61	-0.09	-1.03
39.040	0.61	-0.12	-0.02
39.060	0.61	-0.09	-3.87
39.080	0.61	-0.27	-3.35
39.100	0.60	-0.22	8.07
39.120	0.60	0.05	1.79
39.140	0.60	-0.15	-4.89
39.160	0.59	-0.14	1.19
39.180	0.59	-0.10	-0.26
39.200	0.59	-0.16	0.36
39.220	0.59	-0.09	0.12
39.240	0.58	-0.15	-2.92
39.260	0.58	-0.21	-1.30
39.280	0.57	-0.20	-1.01
39.300	0.57	-0.25	-3.39
39.320	0.56	-0.34	-2.91
39.340	0.56	-0.36	-0.26
39.360	0.55	-0.35	3.17
39.380	0.54	-0.24	4.35
39.400	0.54	-0.17	-0.77
39.420	0.54	-0.27	0.64
39.440	0.53	-0.15	5.59
39.460	0.53	-0.04	-0.42
39.480	0.53	-0.17	-0.92
39.500	0.52	-0.08	4.69
39.520	0.53	0.02	0.90
39.540	0.53	-0.04	-1.38
39.560	0.52	-0.03	1.56
39.580	0.52	0.02	-0.56
39.600	0.52	-0.06	-3.47
39.620	0.52	-0.12	-1.64
39.640	0.52	-0.12	0.21
39.660	0.52	-0.11	0.33
39.680	0.51	-0.11	0.22
39.700	0.51	-0.10	0.20
39.720	0.51	-0.10	0.42
39.740	0.51	-0.09	0.55
39.760	0.51	-0.08	0.33
39.780	0.51	-0.07	0.22
39.800	0.50	-0.07	0.20
39.820	0.50	-0.07	0.45
39.840	0.50	-0.05	0.22
39.860	0.50	-0.06	-1.51
39.880	0.50	-0.11	-1.61
39.900	0.50	-0.12	-0.19
39.920	0.49	-0.12	0.88
39.940	0.49	-0.09	3.79
39.960	0.49	0.03	3.61
39.980	0.49	0.06	-0.65
40.000	0.49	0.01	0.97
40.020	0.49	0.10	2.78
40.040	0.50	0.12	-1.80
40.060	0.50	0.03	-2.30
40.080	0.50	0.03	-0.02
40.100	0.50	0.03	0.19
40.120	0.50	0.03	0.55
40.140	0.50	0.05	0.35
40.160	0.50	0.05	-0.12
40.180	0.50	0.04	0.08
40.200	0.50	0.05	0.45
40.220	0.50	0.06	0.23
40.240	0.51	0.06	0.02
40.260	0.51	0.06	-0.20
40.280	0.51	0.05	-2.09
40.300	0.51	-0.02	-1.65
40.320	0.51	-0.01	1.91
40.340	0.51	0.05	3.96
40.360	0.51	0.14	2.87
40.380	0.51	0.17	-1.45
40.400	0.52	0.09	-0.87
40.420	0.52	0.13	1.04
40.440	0.52	0.13	-1.53
40.460	0.52	0.07	-1.27
40.480	0.52	0.08	0.01
40.500	0.53	0.07	-0.02
40.520	0.53	0.08	-1.38
40.540	0.53	0.02	-0.31
40.560	0.53	0.06	2.66
40.580	0.53	0.12	0.21
40.600	0.53	0.07	-2.89
40.620	0.53	0.01	-0.22
40.640	0.53	0.06	1.66
40.660	0.54	0.08	-2.17
40.680	0.54	-0.02	-0.66
40.700	0.54	0.05	2.66
40.720	0.54	0.08	0.16
40.740	0.54	0.06	-0.59
40.760	0.54	0.06	0.13
40.780	0.54	0.06	-0.21
40.800	0.54	0.05	-0.32
40.820	0.54	0.05	1.18
40.840	0.54	0.10	-0.03
40.860	0.55	0.05	-2.78
40.880	0.55	-0.01	-0.21
40.900	0.55	0.04	1.28
40.920	0.55	0.04	0.01
40.940	0.55	0.04	-0.09
40.960	0.55	0.04	-0.34
40.980	0.55	0.03	-0.12
41.000	0.55	0.03	0.12
41.020	0.55	0.03	-1.34E-13
41.040	0.55	0.03	0.01
41.060	0.55	0.03	-0.10
41.080	0.55	0.03	-0.22
41.100	0.55	0.02	-0.12
41.120	0.55	0.02	0.12
41.140	0.55	0.03	0.01
41.160	0.56	0.02	-0.12
41.180	0.56	0.02	-2.61E-14
41.200	0.56	0.02	-3.04E-13
41.220	0.56	0.02	-9.55E-14
41.240	0.56	0.02	0.02
41.260	0.56	0.02	-0.22
41.280	0.56	0.01	-0.15
41.300	0.56	0.02	0.46
41.320	0.56	0.03	0.14
41.340	0.56	0.02	-0.34
41.360	0.56	0.02	-0.12
41.380	0.56	0.02	-0.01
41.400	0.56	0.02	0.10
41.420	0.56	0.02	0.14
41.440	0.56	0.02	1.29
41.460	0.56	0.07	0.08
41.480	0.56	0.03	-2.55
41.500	0.56	-0.03	-0.21
41.520	0.56	0.02	1.26
41.540	0.56	0.02	0.22
41.560	0.56	0.03	0.03
41.580	0.56	0.02	1.07
41.600	0.56	0.07	1.25
41.620	0.57	0.07	-1.07
41.640	0.57	0.03	-1.26
41.660	0.57	0.02	-0.22
41.680	0.57	0.02	0.01
41.700	0.57	0.02	-1.51
41.720	0.57	-0.04	-1.76
41.740	0.57	-0.05	3.02
41.760	0.57	0.08	3.27
41.780	0.57	0.08	-1.52
41.800	0.57	0.02	-1.40
41.820	0.57	0.03	0.01
41.840	0.57	0.02	-0.13
41.860	0.57	0.02	0.16
41.880	0.57	0.02	-0.55
41.900	0.57	-3.58E-4	-0.47
41.920	0.57	0.00	0.01
41.940	0.57	0.00	-0.12
41.960	0.57	0.00	0.01
41.980	0.57	3.58E-4	-0.10
42.000	0.57	0.00	-0.20
42.020	0.57	-0.01	-0.41
42.040	0.57	-0.02	-0.68
42.060	0.57	-0.03	-0.24
42.080	0.57	-0.03	0.10
42.100	0.57	-0.03	0.20
42.120	0.57	-0.02	0.54
42.140	0.57	-0.01	-0.68
42.160	0.57	-0.05	-3.29
42.180	0.57	-0.14	0.13
42.200	0.56	-0.04	4.44
42.220	0.57	0.04	-0.04
42.240	0.56	-0.05	-2.52
42.260	0.56	-0.06	-0.47
42.280	0.56	-0.06	0.13
42.300	0.56	-0.06	-0.19
42.320	0.56	-0.07	-0.56
42.340	0.56	-0.08	-0.22
42.360	0.56	-0.08	-0.10
42.380	0.55	-0.09	-0.22
42.400	0.55	-0.09	-0.12
42.420	0.55	-0.09	0.02
42.440	0.55	-0.09	-0.22
42.460	0.55	-0.10	-0.22
42.480	0.55	-0.10	-0.11
42.500	0.54	-0.10	-1.63
42.520	0.54	-0.16	0.60
42.540	0.54	-0.08	-6.60
42.560	0.54	-0.43	-2.67
42.580	0.52	-0.19	15.91
42.600	0.53	0.21	1.45
42.620	0.53	-0.13	-10.48
42.640	0.53	-0.21	0.60
42.660	0.52	-0.10	4.65
42.680	0.52	-0.02	-0.20
42.700	0.52	-0.11	-2.07
42.720	0.52	-0.11	-0.10
42.740	0.51	-0.12	-0.25
42.760	0.51	-0.12	0.22
42.780	0.51	-0.11	0.22
42.800	0.51	-0.11	0.10
42.820	0.51	-0.10	0.22
42.840	0.50	-0.10	0.11
42.860	0.50	-0.10	0.10
42.880	0.50	-0.09	0.22
42.900	0.50	-0.09	0.21
42.920	0.50	-0.09	0.31
42.940	0.49	-0.08	0.44
42.960	0.49	-0.07	0.33
42.980	0.49	-0.06	0.22
43.000	0.49	-0.06	0.24
43.020	0.49	-0.06	-0.15
43.040	0.49	-0.07	0.37
43.060	0.49	-0.04	1.36
43.080	0.49	-0.01	0.35
43.100	0.49	-0.03	-0.15
43.120	0.49	-0.02	0.43
43.140	0.49	-0.01	0.43
43.160	0.49	-6.07E-4	0.43
43.180	0.49	0.01	0.43
43.200	0.49	0.02	0.44
43.220	0.49	0.03	0.31
43.240	0.49	0.03	0.41
43.260	0.49	0.04	0.66
43.280	0.49	0.06	0.44
43.300	0.49	0.06	0.31
43.320	0.49	0.07	0.43
43.340	0.49	0.08	0.42
43.360	0.49	0.09	0.54
43.380	0.50	0.10	0.56
43.400	0.50	0.11	0.21
43.420	0.50	0.11	0.30
43.440	0.50	0.12	0.67
43.460	0.50	0.13	0.33
43.480	0.51	0.13	0.19
43.500	0.51	0.14	0.54
43.520	0.51	0.15	0.45
43.540	0.52	0.16	0.10
43.560	0.52	0.16	0.21
43.580	0.52	0.17	0.33
43.600	0.53	0.17	0.21
43.620	0.53	0.18	0.22
43.640	0.53	0.18	0.10
43.660	0.54	0.18	0.12
43.680	0.54	0.19	1.41
43.700	0.54	0.24	1.36
43.720	0.55	0.24	-1.07
43.740	0.55	0.19	-1.27
43.760	0.56	0.19	-0.12
43.780	0.56	0.19	-0.01
43.800	0.56	0.19	0.12
43.820	0.57	0.19	0.01
43.840	0.57	0.19	-0.12
43.860	0.58	0.19	0.03
43.880	0.58	0.19	-0.32
43.900	0.58	0.18	-0.34
43.920	0.59	0.18	-0.10
43.940	0.59	0.17	-0.24
43.960	0.59	0.17	0.13
43.980	0.60	0.18	-0.05
44.000	0.60	0.16	-0.76
44.020	0.60	0.15	-0.66
44.040	0.61	0.14	-0.43
44.060	0.61	0.13	-0.42
44.080	0.61	0.12	-0.54
44.100	0.61	0.11	-0.54
44.120	0.62	0.10	-0.54
44.140	0.62	0.09	-0.55
44.160	0.62	0.08	-0.41
44.180	0.62	0.07	-0.76
44.200	0.62	0.05	0.63
44.220	0.62	0.10	1.11
44.240	0.63	0.09	-1.92
44.260	0.63	0.02	-2.18
44.280	0.63	0.01	-0.54
44.300	0.63	0.00	-0.40
44.320	0.63	-0.01	-2.04
44.340	0.63	-0.08	-2.41
44.360	0.62	-0.11	2.19
44.380	0.62	0.00	0.77
44.400	0.62	-0.08	-3.63
44.420	0.62	-0.14	-0.19
44.440	0.62	-0.08	0.90
44.460	0.62	-0.11	-0.88
44.480	0.61	-0.12	-0.64
44.500	0.61	-0.13	-0.74
44.520	0.61	-0.15	-0.90
44.540	0.61	-0.17	-0.45
44.560	0.60	-0.17	-0.19
44.580	0.60	-0.18	-0.55
44.600	0.60	-0.19	-0.45
44.620	0.59	-0.19	-0.22
44.640	0.59	-0.20	-0.09
44.660	0.58	-0.20	-0.29
44.680	0.58	-0.21	-0.77
44.700	0.58	-0.23	-0.57
44.720	0.57	-0.23	-0.12
44.740	0.57	-0.23	0.01
44.760	0.56	-0.23	0.00
44.780	0.56	-0.23	-1.40
44.800	0.55	-0.29	-1.60
44.820	0.54	-0.30	1.07
44.840	0.54	-0.25	1.28
44.860	0.54	-0.25	1.09E-12
44.880	0.53	-0.25	-2.04E-12
44.900	0.53	-0.25	-0.01
44.920	0.52	-0.25	0.11
44.940	0.52	-0.24	0.10
44.960	0.51	-0.24	0.21
44.980	0.51	-0.23	0.34
45.000	0.50	-0.23	0.10
45.020	0.50	-0.23	0.20
45.040	0.49	-0.22	0.43
45.060	0.49	-0.21	0.42
45.080	0.48	-0.20	0.54
45.100	0.48	-0.19	0.55
45.120	0.48	-0.18	0.32
45.140	0.47	-0.18	0.31
45.160	0.47	-0.17	0.52
45.180	0.47	-0.16	0.76
45.200	0.46	-0.14	0.65
45.220	0.46	-0.13	0.53
45.240	0.46	-0.12	0.65
45.260	0.46	-0.10	0.65
45.280	0.45	-0.09	0.65
45.300	0.45	-0.08	0.64
45.320	0.45	-0.07	0.75
45.340	0.45	-0.05	0.75
45.360	0.45	-0.04	0.75
45.380	0.45	-0.02	0.76
45.400	0.45	-0.01	0.64
45.420	0.45	0.01	0.75
45.440	0.45	0.02	0.76
45.460	0.45	0.04	0.64
45.480	0.45	0.05	0.75
45.500	0.45	0.07	0.87
45.520	0.45	0.09	0.76
45.540	0.45	0.10	0.64
45.560	0.46	0.11	0.64
45.580	0.46	0.12	0.64
45.600	0.46	0.14	0.64
45.620	0.46	0.15	0.64
45.640	0.47	0.16	0.65
45.660	0.47	0.18	0.54
45.680	0.47	0.18	0.53
45.700	0.48	0.20	0.65
45.720	0.48	0.21	0.54
45.740	0.49	0.22	0.43
45.760	0.49	0.23	0.43
45.780	0.50	0.24	0.44
45.800	0.50	0.24	0.32
45.820	0.51	0.25	0.32
45.840	0.51	0.26	0.34
45.860	0.52	0.26	0.10
45.880	0.52	0.26	0.21
45.900	0.53	0.27	0.15
45.920	0.53	0.27	1.07
45.940	0.54	0.31	1.35
45.960	0.54	0.32	-0.96
45.980	0.55	0.27	-1.13
46.000	0.55	0.28	-0.36
46.020	0.56	0.26	0.11
46.040	0.57	0.28	0.16
46.060	0.57	0.27	-0.57
46.080	0.58	0.26	-0.07
46.100	0.58	0.26	-0.56
46.120	0.59	0.24	-0.37
46.140	0.59	0.25	0.29
46.160	0.60	0.25	-0.63
46.180	0.60	0.22	-0.79
46.200	0.61	0.22	-0.31
46.220	0.61	0.21	-0.53
46.240	0.61	0.19	0.65
46.260	0.62	0.24	0.88
46.280	0.62	0.23	-1.93
46.300	0.63	0.16	-2.05
46.320	0.63	0.15	-0.64
46.340	0.63	0.13	-0.63
46.360	0.64	0.12	-0.75
46.380	0.64	0.10	-0.76
46.400	0.64	0.09	-0.63
46.420	0.64	0.08	-0.74
46.440	0.64	0.06	-0.86
46.460	0.64	0.04	-0.87
46.480	0.64	0.03	-0.76
46.500	0.64	0.01	-0.63
46.520	0.65	0.00	-0.74
46.540	0.64	-0.02	-0.87
46.560	0.64	-0.03	-0.75
46.580	0.64	-0.05	-0.75
46.600	0.64	-0.06	-0.76
46.620	0.64	-0.08	-0.64
46.640	0.64	-0.09	-0.74
46.660	0.64	-0.11	-0.87
46.680	0.64	-0.12	-0.66
46.700	0.63	-0.13	-1.71
46.720	0.63	-0.19	-2.04
46.740	0.62	-0.21	0.41
46.760	0.62	-0.18	0.75
46.780	0.62	-0.18	-0.52
46.800	0.61	-0.20	-0.78
46.820	0.61	-0.22	-0.47
46.840	0.61	-0.22	0.07
46.860	0.60	-0.21	-0.73
46.880	0.60	-0.24	-1.20
46.900	0.59	-0.26	0.33
46.920	0.59	-0.23	0.30
46.940	0.58	-0.25	-0.71
46.960	0.58	-0.26	-1.30
46.980	0.57	-0.30	-1.46
47.000	0.56	-0.32	2.24
47.020	0.56	-0.21	1.36
47.040	0.56	-0.26	-2.57
47.060	0.55	-0.31	0.03
47.080	0.54	-0.26	1.16
47.100	0.54	-0.27	-0.02
47.120	0.53	-0.26	0.22
47.140	0.53	-0.26	0.22
47.160	0.52	-0.25	0.22
47.180	0.52	-0.25	0.10
47.200	0.51	-0.25	0.20
47.220	0.51	-0.24	0.43
47.240	0.50	-0.23	0.43
47.260	0.50	-0.22	0.44
47.280	0.49	-0.22	0.32
47.300	0.49	-0.21	0.42
47.320	0.49	-0.20	0.65
47.340	0.48	-0.19	0.55
47.360	0.48	-0.18	0.42
47.380	0.47	-0.17	0.54
47.400	0.47	-0.16	0.54
47.420	0.47	-0.15	0.52
47.440	0.47	-0.13	0.76
47.460	0.46	-0.12	0.65
47.480	0.46	-0.11	0.64
47.500	0.46	-0.09	0.76
47.520	0.46	-0.08	0.65
47.540	0.46	-0.07	0.65
47.560	0.45	-0.05	0.64
47.580	0.45	-0.04	0.75
47.600	0.45	-0.02	0.75
47.620	0.45	-0.01	0.75
47.640	0.45	0.01	0.76
47.660	0.45	0.02	0.64
47.680	0.45	0.03	0.64
47.700	0.45	0.05	0.64
47.720	0.46	0.06	0.64
47.740	0.46	0.07	0.64
47.760	0.46	0.09	0.64
47.780	0.46	0.10	0.64
47.800	0.46	0.11	0.65
47.820	0.46	0.12	0.54
47.840	0.47	0.13	0.42
47.860	0.47	0.14	0.53
47.880	0.47	0.15	0.65
47.900	0.48	0.17	0.55
47.920	0.48	0.18	0.32
47.940	0.48	0.18	0.31
47.960	0.49	0.19	0.54
47.980	0.49	0.20	0.44
48.000	0.49	0.21	0.21
48.020	0.50	0.21	0.32
48.040	0.50	0.22	0.34
48.060	0.51	0.22	0.12
48.080	0.51	0.22	-0.12
48.100	0.52	0.22	-0.02
48.120	0.52	0.22	0.24
48.140	0.53	0.23	1.42
48.160	0.53	0.28	1.26
48.180	0.54	0.28	-1.41
48.200	0.54	0.22	-1.27
48.220	0.55	0.23	0.03
48.240	0.55	0.22	-0.34
48.260	0.55	0.21	-0.14
48.280	0.56	0.22	0.36
48.300	0.56	0.23	-0.05
48.320	0.57	0.22	-0.75
48.340	0.57	0.20	-0.80
48.360	0.58	0.18	-0.23
48.380	0.58	0.19	0.04
48.400	0.58	0.19	-0.43
48.420	0.59	0.17	-0.42
48.440	0.59	0.17	-0.53
48.460	0.59	0.15	-0.67
48.480	0.60	0.14	-0.32
48.500	0.60	0.14	-0.30
48.520	0.60	0.13	-0.54
48.540	0.60	0.12	-0.54
48.560	0.61	0.11	-0.53
48.580	0.61	0.10	-0.65
48.600	0.61	0.08	-0.55
48.620	0.61	0.07	-0.42
48.640	0.61	0.07	-0.53
48.660	0.61	0.05	-0.64
48.680	0.62	0.04	-0.64
48.700	0.62	0.03	-0.64
48.720	0.62	0.01	-0.77
48.740	0.62	0.00	-0.57
48.760	0.62	-0.01	-0.18
48.780	0.62	-0.01	-0.65
48.800	0.62	-0.03	-0.67
48.820	0.61	-0.04	-0.30
48.840	0.61	-0.05	-0.53
48.860	0.61	-0.06	-0.65
48.880	0.61	-0.07	-0.66
48.900	0.61	-0.09	-0.44
48.920	0.61	-0.09	-0.30
48.940	0.61	-0.10	-0.55
48.960	0.60	-0.11	-0.45
48.980	0.60	-0.12	-0.21
49.000	0.60	-0.12	-0.33
49.020	0.60	-0.13	-0.22
49.040	0.59	-0.13	-0.08
49.060	0.59	-0.13	-0.32
49.080	0.59	-0.14	-1.75
49.100	0.59	-0.20	-1.62
49.120	0.58	-0.21	1.18
49.140	0.58	-0.15	1.29
49.160	0.58	-0.15	-0.10
49.180	0.57	-0.16	-0.22
49.200	0.57	-0.16	-0.12
49.220	0.57	-0.16	7.26E-13
49.240	0.56	-0.16	7.27E-13
49.260	0.56	-0.16	-6.94E-14
49.280	0.56	-0.16	-6.57E-13
49.300	0.55	-0.16	6.94E-14
49.320	0.55	-0.16	-0.01
49.340	0.55	-0.16	0.10
49.360	0.54	-0.16	0.22
49.380	0.54	-0.15	0.11
49.400	0.54	-0.16	0.09
49.420	0.53	-0.15	0.32
49.440	0.53	-0.14	0.33
49.460	0.53	-0.14	0.22
49.480	0.52	-0.13	0.11
49.500	0.52	-0.13	0.08
49.520	0.52	-0.13	0.43
49.540	0.52	-0.12	0.45
49.560	0.51	-0.11	0.21
49.580	0.51	-0.11	0.32
49.600	0.51	-0.10	0.33
49.620	0.51	-0.09	0.20
49.640	0.51	-0.09	0.43
49.660	0.51	-0.08	0.45
49.680	0.50	-0.07	0.20
49.700	0.50	-0.07	0.43
49.720	0.50	-0.06	0.44
49.740	0.50	-0.05	0.31
49.760	0.50	-0.04	0.44
49.780	0.50	-0.03	0.32
49.800	0.50	-0.03	0.31
49.820	0.50	-0.02	0.44
49.840	0.50	-0.01	0.32
49.860	0.50	-0.01	0.31
49.880	0.50	-6.20E-4	0.44
49.900	0.50	0.01	0.32
49.920	0.50	0.01	0.33
49.940	0.50	0.02	0.22
49.960	0.50	0.02	0.09
49.980	0.50	0.03	0.31
50.000	0.50	0.03	0.43
50.020	0.50	0.04	0.45
50.040	0.50	0.05	0.24
50.060	0.50	0.05	-0.12
50.080	0.50	0.05	0.08
50.100	0.50	0.05	0.56
50.120	0.50	0.07	0.23
50.140	0.51	0.06	-0.02
50.160	0.51	0.07	0.22
50.180	0.51	0.07	0.10
50.200	0.51	0.07	0.22
50.220	0.51	0.08	0.12
50.240	0.51	0.08	-0.12
50.260	0.51	0.08	-0.01
50.280	0.52	0.08	0.10
50.300	0.52	0.08	0.23
50.320	0.52	0.09	0.01
50.340	0.52	0.08	-0.12
50.360	0.52	0.08	1.09E-12
50.380	0.52	0.08	1.02E-12
50.400	0.53	0.08	-7.26E-13
50.420	0.53	0.08	0.01
50.440	0.53	0.08	-0.11
50.460	0.53	0.08	-0.12
50.480	0.53	0.08	3.44E-13
50.500	0.53	0.08	0.01
50.520	0.54	0.08	-0.10
50.540	0.54	0.07	-0.22
50.560	0.54	0.07	-0.12
50.580	0.54	0.07	0.01
50.600	0.54	0.07	-0.10
50.620	0.54	0.06	-0.23
50.640	0.54	0.06	8.10E-5
50.660	0.54	0.06	0.03
50.680	0.55	0.06	-0.33
50.700	0.55	0.05	-0.23
50.720	0.55	0.05	0.01
50.740	0.55	0.05	-0.10
50.760	0.55	0.05	-0.22
50.780	0.55	0.04	-0.12
50.800	0.55	0.04	0.02
50.820	0.55	0.04	-0.21
50.840	0.55	0.03	-0.35
50.860	0.55	0.03	4.34E-5
50.880	0.56	0.03	0.02
50.900	0.56	0.03	-0.22
50.920	0.56	0.03	-0.12
50.940	0.56	0.03	0.01
50.960	0.56	0.03	-0.10
50.980	0.56	0.02	-0.22
51.000	0.56	0.02	-0.11
51.020	0.56	0.02	-0.11
51.040	0.56	0.01	-0.12
51.060	0.56	0.01	0.01
51.080	0.56	0.01	-0.11
51.100	0.56	0.01	-0.12
51.120	0.56	0.01	-3.82E-14
51.140	0.56	0.01	-1.77E-13
51.160	0.56	0.01	6.98E-15
51.180	0.56	0.01	1.46E-13
51.200	0.56	0.01	-0.09
51.220	0.56	0.01	1.16
51.240	0.56	0.06	0.09
51.260	0.56	0.01	-1.24
51.280	0.56	0.01	1.06
51.300	0.56	0.05	-0.03
51.320	0.56	0.00	-1.16
51.340	0.56	0.00	-0.01
51.360	0.56	0.00	0.11
51.380	0.56	0.01	0.13
51.400	0.56	0.01	-0.11
51.420	0.56	0.00	-0.13
51.440	0.56	0.00	0.11
51.460	0.56	0.01	0.12
51.480	0.56	0.01	3.82E-14
51.500	0.56	0.01	-3.12E-14
51.520	0.56	0.01	0.00
51.540	0.56	0.01	0.01
51.560	0.56	0.01	-0.11
51.580	0.57	0.00	-0.12
51.600	0.57	0.00	0.01
51.620	0.57	0.00	-0.12
51.640	0.57	-3.53E-4	-0.01
51.660	0.57	0.00	0.13
51.680	0.57	0.00	-0.12
51.700	0.57	-3.53E-4	5.82E-6
51.720	0.57	0.00	0.01
51.740	0.57	0.00	-0.13
51.760	0.57	-3.53E-4	0.13
51.780	0.57	0.01	-0.10
51.800	0.57	0.00	-0.24
51.820	0.57	0.00	0.11
51.840	0.57	0.00	0.13
51.860	0.57	7.07E-4	-0.20
51.880	0.57	-0.01	-0.45
51.900	0.57	-0.02	-0.22
51.920	0.56	-0.02	-0.21
51.940	0.56	-0.03	-0.35
51.960	0.56	-0.03	-0.01
51.980	0.56	-0.03	0.12
52.000	0.56	-0.03	0.01
52.020	0.56	-0.03	-0.09
52.040	0.56	-0.03	-0.32
52.060	0.56	-0.04	-0.34
52.080	0.56	-0.04	-0.12
52.100	0.56	-0.04	0.01
52.120	0.56	-0.04	-0.10
52.140	0.56	-0.05	-0.22
52.160	0.56	-0.05	-0.22
52.180	0.56	-0.06	-0.23
52.200	0.55	-0.06	-6.95E-5
52.220	0.55	-0.06	0.03
52.240	0.55	-0.06	-0.33
52.260	0.55	-0.07	-0.22
52.280	0.55	-0.07	-0.01
52.300	0.55	-0.07	-1.39
52.320	0.55	-0.12	-0.08
52.340	0.54	-0.07	1.15
52.360	0.54	-0.08	-1.39
52.380	0.54	-0.13	-0.08
52.400	0.54	-0.08	1.05
52.420	0.54	-0.09	-0.11
52.440	0.54	-0.09	-0.11
52.460	0.53	-0.09	-0.12
52.480	0.53	-0.09	-5.40E-13
52.500	0.53	-0.09	4.01E-13
52.520	0.53	-0.09	5.40E-13
52.540	0.53	-0.09	-6.63E-13
52.560	0.52	-0.09	-8.72E-13
52.580	0.52	-0.09	6.63E-13
52.600	0.52	-0.09	4.01E-13
52.620	0.52	-0.09	-3.32E-13
52.640	0.52	-0.09	-0.01
52.660	0.52	-0.09	0.10
52.680	0.51	-0.09	0.22
52.700	0.51	-0.08	0.12
52.720	0.51	-0.08	-0.02
52.740	0.51	-0.08	0.21
52.760	0.51	-0.07	0.35
52.780	0.51	-0.07	9.18E-5
52.800	0.50	-0.07	-0.02
52.820	0.50	-0.07	0.32
52.840	0.50	-0.06	0.33
52.860	0.50	-0.06	0.22
52.880	0.50	-0.05	0.21
52.900	0.50	-0.05	0.32
52.920	0.50	-0.04	0.33
52.940	0.50	-0.03	0.22
52.960	0.50	-0.03	0.21
52.980	0.50	-0.03	0.31
53.000	0.49	-0.02	0.44
53.020	0.49	-0.01	0.32
53.040	0.49	0.00	0.32
53.060	0.49	0.00	0.32
53.080	0.49	0.01	0.31
53.100	0.49	0.02	0.55
53.120	0.50	0.03	0.45
53.140	0.50	0.03	0.21
53.160	0.50	0.04	0.31
53.180	0.50	0.05	0.43
53.200	0.50	0.06	0.44
53.220	0.50	0.06	0.32
53.240	0.50	0.07	0.31
53.260	0.50	0.08	0.55
53.280	0.50	0.09	0.45
53.300	0.51	0.09	0.21
53.320	0.51	0.10	0.32
53.340	0.51	0.11	0.32
53.360	0.51	0.11	0.32
53.380	0.51	0.12	0.33
53.400	0.52	0.12	0.21
53.420	0.52	0.13	0.32
53.440	0.52	0.14	0.33
53.460	0.52	0.14	0.13
53.480	0.53	0.14	1.29
53.500	0.53	0.19	1.46
53.520	0.54	0.20	-0.97
53.540	0.54	0.15	-1.06
53.560	0.54	0.16	0.21
53.580	0.54	0.16	0.22
53.600	0.55	0.17	0.12
53.620	0.55	0.17	-0.12
53.640	0.55	0.16	-0.02
53.660	0.56	0.17	0.21
53.680	0.56	0.17	0.35
53.700	0.56	0.18	0.05
53.720	0.57	0.17	-0.64
53.740	0.57	0.16	-0.68
53.760	0.57	0.15	-0.25
53.780	0.58	0.15	0.21
53.800	0.58	0.15	0.34
53.820	0.58	0.16	0.15
53.840	0.59	0.16	-0.39
53.860	0.59	0.14	-0.91
53.880	0.59	0.12	-0.36
53.900	0.60	0.13	0.16
53.920	0.60	0.13	-0.54
53.940	0.60	0.11	-0.58
53.960	0.60	0.11	0.03
53.980	0.60	0.11	-0.29
54.000	0.61	0.10	-0.64
54.020	0.61	0.08	-0.66
54.040	0.61	0.07	-0.44
54.060	0.61	0.07	-0.31
54.080	0.61	0.06	-0.42
54.100	0.61	0.05	-0.53
54.120	0.61	0.04	-0.65
54.140	0.62	0.02	-0.54
54.160	0.62	0.01	-0.53
54.180	0.62	0.00	-0.65
54.200	0.62	-0.01	-0.53
54.220	0.62	-0.02	-0.65
54.240	0.61	-0.04	-0.68
54.260	0.61	-0.05	-0.19
54.280	0.61	-0.05	-0.52
54.300	0.61	-0.07	-0.76
54.320	0.61	-0.08	-0.65
54.340	0.61	-0.09	-0.56
54.360	0.61	-0.10	-0.29
54.380	0.60	-0.11	-0.78
54.400	0.60	-0.13	-0.43
54.420	0.60	-0.12	-0.39
54.440	0.60	-0.15	-0.91
54.460	0.59	-0.16	-0.34
54.480	0.59	-0.16	-0.10
54.500	0.59	-0.16	-0.20
54.520	0.58	-0.17	-0.43
54.540	0.58	-0.18	-0.35
54.560	0.58	-0.18	-1.39
54.580	0.57	-0.24	-1.70
54.600	0.57	-0.25	0.85
54.620	0.56	-0.20	1.07
54.640	0.56	-0.21	-0.22
54.660	0.56	-0.21	-0.12
54.680	0.55	-0.21	0.01
54.700	0.55	-0.21	-0.10
54.720	0.54	-0.21	-0.22
54.740	0.54	-0.22	-0.12
54.760	0.53	-0.22	1.88E-12
54.780	0.53	-0.22	-0.01
54.800	0.53	-0.22	0.11
54.820	0.52	-0.22	0.12
54.840	0.52	-0.22	-0.01
54.860	0.51	-0.22	0.09
54.880	0.51	-0.21	0.32
54.900	0.50	-0.20	0.33
54.920	0.50	-0.20	0.21
54.940	0.50	-0.19	0.32
54.960	0.49	-0.19	0.44
54.980	0.49	-0.18	0.32
55.000	0.48	-0.17	0.31
55.020	0.48	-0.16	0.54
55.040	0.48	-0.15	0.55
55.060	0.48	-0.14	0.32
55.080	0.47	-0.14	0.42
55.100	0.47	-0.13	0.65
55.120	0.47	-0.11	0.54
55.140	0.47	-0.10	0.53
55.160	0.46	-0.09	0.65
55.180	0.46	-0.08	0.65
55.200	0.46	-0.07	0.65
55.220	0.46	-0.05	0.65
55.240	0.46	-0.04	0.53
55.260	0.46	-0.03	0.64
55.280	0.46	-0.01	0.76
55.300	0.46	-8.57E-4	0.64
55.320	0.46	0.01	0.76
55.340	0.46	0.03	0.65
55.360	0.46	0.04	0.53
55.380	0.46	0.05	0.64
55.400	0.46	0.06	0.64
55.420	0.46	0.08	0.75
55.440	0.46	0.09	0.77
55.460	0.47	0.11	0.54
55.480	0.47	0.12	0.53
55.500	0.47	0.13	0.65
55.520	0.47	0.14	0.54
55.540	0.48	0.15	0.42
55.560	0.48	0.16	0.53
55.580	0.48	0.17	0.65
55.600	0.49	0.18	0.54
55.620	0.49	0.19	0.43
55.640	0.49	0.20	0.44
55.660	0.50	0.21	0.32
55.680	0.50	0.21	0.31
55.700	0.51	0.22	0.45
55.720	0.51	0.23	0.21
55.740	0.52	0.23	0.21
55.760	0.52	0.24	0.14
55.780	0.52	0.24	1.17
55.800	0.53	0.29	1.48
55.820	0.54	0.30	-1.19
55.840	0.54	0.24	-1.18
55.860	0.55	0.25	0.37
55.880	0.55	0.25	-0.21
55.900	0.56	0.24	-0.37
55.920	0.56	0.24	0.34
55.940	0.57	0.25	0.18
55.960	0.57	0.25	-0.79
55.980	0.58	0.22	-0.38
56.000	0.58	0.23	0.48
56.020	0.58	0.24	-0.15
56.040	0.59	0.23	-0.98
56.060	0.59	0.20	-0.91
56.080	0.60	0.19	-0.23
56.100	0.60	0.19	0.03
56.120	0.61	0.19	-0.31
56.140	0.61	0.18	-0.42
56.160	0.61	0.17	-0.53
56.180	0.62	0.16	-0.63
56.200	0.62	0.15	-0.87
56.220	0.62	0.13	0.52
56.240	0.62	0.17	0.99
56.260	0.63	0.16	-1.81
56.280	0.63	0.10	-2.16
56.300	0.63	0.08	-0.75
56.320	0.63	0.07	-0.75
56.340	0.63	0.05	-0.77
56.360	0.64	0.04	-0.53
56.380	0.64	0.03	-0.63
56.400	0.64	0.01	-0.75
56.420	0.64	0.00	-0.75
56.440	0.64	-0.02	-0.76
56.460	0.64	-0.03	-0.64
56.480	0.64	-0.05	-0.65
56.500	0.63	-0.06	-1.81
56.520	0.63	-0.12	-2.26
56.540	0.63	-0.15	0.26
56.560	0.63	-0.11	1.12
56.580	0.63	-0.10	-0.73
56.600	0.62	-0.14	-1.04
56.620	0.62	-0.15	-0.20
56.640	0.62	-0.14	-0.39
56.660	0.61	-0.16	-0.88
56.680	0.61	-0.18	-0.67
56.700	0.61	-0.19	-0.43
56.720	0.60	-0.20	-0.45
56.740	0.60	-0.21	-0.23
56.760	0.59	-0.21	0.04
56.780	0.59	-0.21	-0.40
56.800	0.59	-0.22	-0.80
56.820	0.58	-0.24	-0.24
56.840	0.58	-0.23	0.22
56.860	0.57	-0.23	-1.27
56.880	0.57	-0.28	-1.71
56.900	0.56	-0.30	0.94
56.920	0.56	-0.25	1.40
56.940	0.55	-0.24	0.02
56.960	0.55	-0.24	-0.23
56.980	0.54	-0.25	-0.02
57.000	0.54	-0.25	0.22
57.020	0.53	-0.24	0.11
57.040	0.53	-0.24	0.10
57.060	0.52	-0.24	0.22
57.080	0.52	-0.23	0.21
57.100	0.51	-0.23	0.32
57.120	0.51	-0.22	0.33
57.140	0.50	-0.22	0.21
57.160	0.50	-0.21	0.32
57.180	0.50	-0.20	0.42
57.200	0.49	-0.19	0.54
57.220	0.49	-0.18	0.55
57.240	0.48	-0.17	0.42
57.260	0.48	-0.16	0.54
57.280	0.48	-0.15	0.55
57.300	0.47	-0.14	0.42
57.320	0.47	-0.13	0.53
57.340	0.47	-0.12	0.65
57.360	0.47	-0.11	0.65
57.380	0.46	-0.10	0.65
57.400	0.46	-0.08	0.65
57.420	0.46	-0.07	0.65
57.440	0.46	-0.06	0.65
57.460	0.46	-0.04	0.65
57.480	0.46	-0.03	0.65
57.500	0.46	-0.02	0.65
57.520	0.46	-0.01	0.64
57.540	0.46	0.01	0.75
57.560	0.46	0.02	0.77
57.580	0.46	0.04	0.54
57.600	0.46	0.05	0.52
57.620	0.46	0.06	0.76
57.640	0.46	0.08	0.65
57.660	0.46	0.09	0.54
57.680	0.47	0.10	0.54
57.700	0.47	0.11	0.41
57.720	0.47	0.11	0.64
57.740	0.47	0.13	0.66
57.760	0.48	0.14	0.44
57.780	0.48	0.15	0.31
57.800	0.48	0.15	0.41
57.820	0.48	0.17	0.66
57.840	0.49	0.18	0.44
57.860	0.49	0.18	0.21
57.880	0.50	0.19	0.21
57.900	0.50	0.19	0.31
57.920	0.50	0.20	0.45
57.940	0.51	0.21	0.23
57.960	0.51	0.21	-0.01
57.980	0.52	0.21	0.11
58.000	0.52	0.21	0.12
58.020	0.52	0.22	-0.11
58.040	0.53	0.21	-0.23
58.060	0.53	0.21	1.51
58.080	0.54	0.27	1.62
58.100	0.54	0.27	-1.51
58.120	0.55	0.21	-1.50
58.140	0.55	0.21	-0.11
58.160	0.56	0.21	-0.11
58.180	0.56	0.21	-0.09
58.200	0.56	0.20	-0.32
58.220	0.57	0.19	-0.32
58.240	0.57	0.19	-0.32
58.260	0.58	0.18	-0.34
58.280	0.58	0.18	-0.11
58.300	0.58	0.18	-0.06
58.320	0.59	0.17	-0.61
58.340	0.59	0.15	-1.13
58.360	0.59	0.13	-0.49
58.380	0.59	0.13	0.38
58.400	0.60	0.14	-0.28
58.420	0.60	0.12	-0.89
58.440	0.60	0.11	-0.54
58.460	0.60	0.10	-0.55
58.480	0.61	0.09	-0.43
58.500	0.61	0.08	-0.41
58.520	0.61	0.07	-0.64
58.540	0.61	0.06	-0.64
58.560	0.61	0.04	-0.64
58.580	0.61	0.03	-0.66
58.600	0.61	0.02	-0.44
58.620	0.61	0.01	-0.30
58.640	0.61	0.01	-0.52
58.660	0.61	-0.01	-0.76
58.680	0.61	-0.03	-0.66
58.700	0.61	-0.03	-0.44
58.720	0.61	-0.04	-0.31
58.740	0.61	-0.05	-0.40
58.760	0.61	-0.06	-0.76
58.780	0.61	-0.08	-0.67
58.800	0.61	-0.09	-0.32
58.820	0.61	-0.09	-0.30
58.840	0.60	-0.10	-0.57
58.860	0.60	-0.11	-0.22
58.880	0.60	-0.11	-0.19
58.900	0.60	-0.12	-0.58
58.920	0.59	-0.13	-0.09
58.940	0.59	-0.12	-0.29
58.960	0.59	-0.14	-0.58
58.980	0.59	-0.15	-1.52
59.000	0.58	-0.20	-0.20
59.020	0.58	-0.15	2.56
59.040	0.58	-0.10	0.21
59.060	0.57	-0.15	-2.55
59.080	0.57	-0.20	-1.82
59.100	0.57	-0.22	0.82
59.120	0.56	-0.17	1.50
59.140	0.56	-0.16	0.15
59.160	0.56	-0.16	1.17
59.180	0.55	-0.11	0.07
59.200	0.55	-0.16	-2.46
59.220	0.55	-0.21	0.14
59.240	0.54	-0.15	1.28
59.260	0.54	-0.16	-0.03
59.280	0.54	-0.16	0.32
59.300	0.53	-0.15	0.34
59.320	0.53	-0.14	0.12
59.340	0.53	-0.14	-0.02
59.360	0.53	-0.14	0.20
59.380	0.52	-0.13	0.44
59.400	0.52	-0.13	0.33
59.420	0.52	-0.12	0.22
59.440	0.52	-0.12	0.21
59.460	0.51	-0.11	0.31
59.480	0.51	-0.10	0.44
59.500	0.51	-0.09	0.33
59.520	0.51	-0.09	0.21
59.540	0.51	-0.09	0.31
59.560	0.50	-0.08	0.44
59.580	0.50	-0.07	0.32
59.600	0.50	-0.07	0.31
59.620	0.50	-0.06	0.54
59.640	0.50	-0.04	0.56
59.660	0.50	-0.03	0.22
59.680	0.50	-0.03	0.09
59.700	0.50	-0.03	0.31
59.720	0.50	-0.02	0.43
59.740	0.50	-0.01	0.43
59.760	0.50	0.00	0.43
59.780	0.50	0.00	0.44
59.800	0.50	0.01	0.32
59.820	0.50	0.02	0.32
59.840	0.50	0.03	0.34
59.860	0.50	0.03	0.10
59.880	0.50	0.03	0.20
59.900	0.50	0.04	0.43
59.920	0.50	0.05	0.45
59.940	0.50	0.06	0.24
59.960	0.50	0.06	-0.13
59.980	0.50	0.05	0.19
60.000	0.50	0.06	0.56
60.020	0.50	0.07	0.23
60.040	0.51	0.07	-3.25E-13
60.060	0.51	0.07	-0.02
60.080	0.51	0.07	0.23
60.100	0.51	0.08	-0.01
60.120	0.51	0.07	0.07
60.140	0.51	0.09	0.68
60.160	0.52	0.10	0.13
60.180	0.52	0.09	-0.24
60.200	0.52	0.09	0.12
60.220	0.52	0.09	0.02
60.240	0.52	0.09	0.09
60.260	0.52	0.10	-4.52
60.280	0.53	-0.09	-0.53
60.300	0.52	0.08	9.13
60.320	0.53	0.28	0.35
60.340	0.53	0.09	-4.83
60.360	0.53	0.08	-0.36
60.380	0.54	0.08	0.10
60.400	0.54	0.09	0.25
60.420	0.54	0.09	-0.21
60.440	0.54	0.08	-0.23
60.460	0.54	0.08	-3.44E-13
60.480	0.54	0.08	0.02
60.500	0.54	0.08	-0.22
60.520	0.55	0.07	-0.11
60.540	0.55	0.07	-0.09
60.560	0.55	0.06	-0.33
60.580	0.55	0.06	-0.21
60.600	0.55	0.06	-0.36
60.620	0.55	0.05	0.12
60.640	0.55	0.06	0.03
60.660	0.55	0.05	-0.45
60.680	0.56	0.04	1.41
60.700	0.56	0.10	0.00
60.720	0.56	0.04	-3.11
60.740	0.56	-0.02	-0.44
60.760	0.56	0.03	1.25
60.780	0.56	0.03	0.36
60.800	0.56	0.04	-0.06
60.820	0.56	0.03	-0.67
60.840	0.56	0.01	-0.35
60.860	0.56	0.01	-0.01
60.880	0.56	0.01	0.13
60.900	0.56	0.02	-0.09
60.920	0.56	0.01	-0.35
60.940	0.56	0.00	1.12E-5
60.960	0.56	0.01	0.02
60.980	0.56	0.00	-0.33
61.000	0.56	0.00	1.18
61.020	0.56	0.05	1.39
61.040	0.56	0.05	-1.41
61.060	0.56	0.00	-1.40
61.080	0.56	0.00	1.91E-14
61.100	0.56	0.00	0.11
61.120	0.56	-6.62E-5	-1.40
61.140	0.56	-0.06	-0.21
61.160	0.56	-0.01	2.80
61.180	0.56	0.05	0.01
61.200	0.56	-0.01	-1.64
61.220	0.56	-0.01	0.11
61.240	0.56	0.00	0.14
61.260	0.56	-0.01	-0.33
61.280	0.56	-0.02	-0.23
61.300	0.56	-0.02	-0.02
61.320	0.56	-0.02	0.18
61.340	0.56	-0.01	0.65
61.360	0.56	0.01	0.63
61.380	0.56	0.02	-0.60
61.400	0.56	-0.02	-1.27
61.420	0.56	-0.04	-0.16
61.440	0.56	-0.02	0.50
61.460	0.56	-0.02	0.98
61.480	0.56	0.02	0.97
61.500	0.56	0.02	-0.48
61.520	0.56	0.00	-1.24
61.540	0.56	-0.03	-0.53
61.560	0.56	-0.02	0.77
61.580	0.56	0.00	0.62
61.600	0.56	0.00	-0.39
61.620	0.56	-0.01	-0.89
61.640	0.56	-0.03	-0.62
61.660	0.56	-0.04	0.43
61.680	0.56	-0.02	0.46
61.700	0.56	-0.02	0.11
61.720	0.56	-0.01	0.13
61.740	0.56	-0.01	-0.22
61.760	0.56	-0.02	-0.24
61.780	0.56	-0.02	0.11
61.800	0.56	-0.02	0.12
61.820	0.56	-0.02	-0.01
61.840	0.56	-0.02	-1.39
61.860	0.56	-0.07	-0.19
61.880	0.55	-0.03	2.55
61.900	0.55	0.03	0.21
61.920	0.55	-0.02	-1.26
61.940	0.55	-0.02	-0.20
61.960	0.55	-0.02	-0.46
61.980	0.55	-0.04	-0.12
62.000	0.55	-0.03	0.14
62.020	0.55	-0.03	-1.75
62.040	0.55	-0.10	-1.33
62.060	0.55	-0.09	-0.96
62.080	0.55	-0.14	0.15
62.100	0.54	-0.08	4.20
62.120	0.54	0.03	1.40
62.140	0.54	-0.02	-1.82
62.160	0.54	-0.04	1.10
62.180	0.54	0.02	-0.43
62.200	0.54	-0.06	-3.66
62.220	0.54	-0.13	0.68
62.240	0.54	-0.03	1.91
62.260	0.54	-0.05	-0.67
62.280	0.54	-0.06	-0.32
62.300	0.54	-0.06	-0.36
62.320	0.53	-0.07	0.10
62.340	0.53	-0.06	0.24
62.360	0.53	-0.06	-0.11
62.380	0.53	-0.06	-0.11
62.400	0.53	-0.07	-0.12
62.420	0.53	-0.07	-0.01
62.440	0.53	-0.07	0.12
62.460	0.52	-0.06	0.02
62.480	0.52	-0.07	-0.24
62.500	0.52	-0.07	0.11
62.520	0.52	-0.06	0.12
62.540	0.52	-0.07	-0.01
62.560	0.52	-0.06	0.12
62.580	0.52	-0.06	6.43E-13
62.600	0.52	-0.06	-0.01
62.620	0.51	-0.06	0.10
62.640	0.51	-0.06	0.23
62.660	0.51	-0.06	-0.01
62.680	0.51	-0.06	0.08
62.700	0.51	-0.05	0.45
62.720	0.51	-0.04	0.24
62.740	0.51	-0.04	-0.12
62.760	0.51	-0.05	0.08
62.780	0.51	-0.04	0.55
62.800	0.51	-0.03	0.35
62.820	0.50	-0.03	-0.01
62.840	0.50	-0.03	0.10
62.860	0.50	-0.02	0.21
62.880	0.50	-0.02	0.31
62.900	0.50	-0.01	0.45
62.920	0.50	0.00	0.22
62.940	0.50	-6.29E-4	0.20
62.960	0.50	0.01	0.44
62.980	0.50	0.02	0.33
63.000	0.50	0.02	0.21
63.020	0.50	0.03	0.21
63.040	0.50	0.03	0.32
63.060	0.51	0.04	0.32
63.080	0.51	0.04	0.31
63.100	0.51	0.05	0.44
63.120	0.51	0.06	0.33
63.140	0.51	0.06	0.21
63.160	0.51	0.07	0.21
63.180	0.51	0.07	0.32
63.200	0.51	0.08	0.33
63.220	0.52	0.09	0.11
63.240	0.52	0.09	1.72
63.260	0.52	0.15	0.32
63.280	0.52	0.10	-1.39
63.300	0.52	0.10	1.60
63.320	0.53	0.16	0.30
63.340	0.53	0.11	-0.96
63.360	0.53	0.12	0.46
63.380	0.53	0.13	-1.55E-4
63.400	0.54	0.12	-0.01
63.420	0.54	0.13	0.12
63.440	0.54	0.13	-0.01
63.460	0.54	0.13	0.10
63.480	0.55	0.13	0.18
63.500	0.55	0.14	0.71
63.520	0.55	0.16	-0.06
63.540	0.56	0.13	-0.87
63.560	0.56	0.13	0.70
63.580	0.56	0.16	0.04
63.600	0.56	0.13	-0.59
63.620	0.57	0.14	0.12
63.640	0.57	0.13	-0.13
63.660	0.57	0.13	0.16
63.680	0.58	0.14	-0.57
63.700	0.58	0.11	-0.13
63.720	0.58	0.13	0.27
63.740	0.58	0.12	-0.48
63.760	0.58	0.12	0.17
63.780	0.59	0.13	-0.59
63.800	0.59	0.09	-1.39
63.820	0.59	0.07	-0.16
63.840	0.59	0.09	0.56
63.860	0.59	0.09	0.48
63.880	0.60	0.10	-2.96
63.900	0.60	-0.02	-1.30
63.920	0.60	0.05	4.54
63.940	0.60	0.16	0.41
63.960	0.60	0.07	-2.14
63.980	0.60	0.07	-0.77
64.000	0.60	0.04	-1.92
64.020	0.60	-0.01	-0.48
64.040	0.60	0.02	-4.19
64.060	0.61	-0.17	-0.97
64.080	0.60	-0.02	9.12
64.100	0.60	0.19	0.35
64.120	0.61	-0.01	-5.59
64.140	0.60	-0.03	-1.55
64.160	0.60	-0.07	-0.94
64.180	0.60	-0.07	-1.29
64.200	0.60	-0.12	-1.64
64.220	0.60	-0.13	2.70
64.240	0.60	-0.01	2.96
64.260	0.60	-0.02	-1.67
64.280	0.60	-0.08	-3.92
64.300	0.59	-0.17	-0.92
64.320	0.59	-0.12	2.87
64.340	0.59	-0.06	-0.55
64.360	0.59	-0.14	-3.26
64.380	0.58	-0.19	-1.71
64.400	0.58	-0.21	0.71
64.420	0.58	-0.16	2.92
64.440	0.57	-0.09	0.15
64.460	0.57	-0.15	-3.42
64.480	0.57	-0.23	-1.03
64.500	0.56	-0.19	1.21
64.520	0.56	-0.18	0.96
64.540	0.56	-0.16	-0.30
64.560	0.55	-0.19	-0.71
64.580	0.55	-0.19	0.25
64.600	0.54	-0.18	-0.20
64.620	0.54	-0.19	-0.46
64.640	0.54	-0.20	-0.14
64.660	0.53	-0.20	0.50
64.680	0.53	-0.18	-1.83
64.700	0.53	-0.27	-5.54
64.720	0.52	-0.40	4.14
64.740	0.51	-0.11	10.32
64.760	0.51	0.01	-1.74
64.780	0.51	-0.18	-4.86
64.800	0.51	-0.18	0.09
64.820	0.50	-0.17	0.78
64.840	0.50	-0.15	-6.14
64.860	0.50	-0.42	-5.25
64.880	0.48	-0.36	8.79
64.900	0.48	-0.07	9.75
64.920	0.48	0.03	2.66
64.940	0.48	0.04	-3.43
64.960	0.48	-0.11	-3.91
64.980	0.48	-0.12	-0.02
65.000	0.48	-0.11	0.31
65.020	0.48	-0.10	0.52
65.040	0.47	-0.09	1.06
65.060	0.47	-0.06	-2.21
65.080	0.47	-0.18	0.19
65.100	0.46	-0.05	4.38
65.120	0.47	-4.71E-4	-2.16
65.140	0.46	-0.14	1.13
65.160	0.46	0.04	6.09
65.180	0.47	0.10	-5.49
65.200	0.47	-0.17	-2.41
65.220	0.46	0.01	5.64
65.240	0.47	0.05	-4.30
65.260	0.46	-0.17	3.80
65.280	0.46	0.20	10.88
65.300	0.47	0.27	-3.04
65.320	0.47	0.08	-4.61
65.340	0.47	0.09	0.31
65.360	0.47	0.09	0.53
65.380	0.48	0.11	0.66
65.400	0.48	0.12	0.43
65.420	0.48	0.12	0.41
65.440	0.48	0.14	0.64
65.460	0.49	0.15	0.65
65.480	0.49	0.16	0.55
65.500	0.49	0.17	0.33
65.520	0.50	0.18	0.21
65.540	0.50	0.18	0.20
65.560	0.50	0.18	0.42
65.580	0.51	0.20	0.57
65.600	0.51	0.21	0.12
65.620	0.52	0.20	-0.12
65.640	0.52	0.20	1.72
65.660	0.52	0.27	0.42
65.680	0.53	0.22	-2.78
65.700	0.53	0.16	1.52
65.720	0.54	0.28	1.50
65.740	0.54	0.22	-1.72
65.760	0.55	0.21	1.38
65.780	0.55	0.27	0.23
65.800	0.56	0.22	-1.52
65.820	0.56	0.21	0.09
65.840	0.57	0.22	0.38
65.860	0.57	0.23	-0.28
65.880	0.57	0.21	-0.89
65.900	0.58	0.19	-0.47
65.920	0.58	0.19	0.01
65.940	0.59	0.19	-0.11
65.960	0.59	0.19	-0.12
65.980	0.59	0.19	0.03
66.000	0.60	0.19	-0.27
66.020	0.60	0.18	-0.97
66.040	0.60	0.15	-1.01
66.060	0.61	0.14	-0.44
66.080	0.61	0.13	-0.33
66.100	0.61	0.12	-0.18
66.120	0.62	0.13	-0.63
66.140	0.62	0.10	-0.93
66.160	0.62	0.09	-0.07
66.180	0.62	0.10	-0.50
66.200	0.62	0.07	-1.00
66.220	0.62	0.06	-0.63
66.240	0.63	0.04	-0.74
66.260	0.63	0.03	-0.88
66.280	0.63	0.01	-0.67
66.300	0.63	3.92E-4	-0.31
66.320	0.63	0.00	-0.40
66.340	0.63	-0.02	-0.71
66.360	0.63	-0.03	-1.22
66.380	0.63	-0.06	-0.82
66.400	0.62	-0.06	0.05
66.420	0.62	-0.06	-0.52
66.440	0.62	-0.09	-0.77
66.460	0.62	-0.09	-0.54
66.480	0.62	-0.11	-0.50
66.500	0.61	-0.11	-0.96
66.520	0.61	-0.15	-1.18
66.540	0.61	-0.16	0.09
66.560	0.61	-0.14	0.40
66.580	0.60	-0.14	-0.50
66.600	0.60	-0.16	-0.97
66.620	0.60	-0.18	-1.01
66.640	0.59	-0.20	-0.58
66.660	0.59	-0.21	-0.12
66.680	0.58	-0.21	1.83E-12
66.700	0.58	-0.21	0.01
66.720	0.58	-0.21	-0.09
66.740	0.57	-0.21	-0.23
66.760	0.57	-0.22	-1.51
66.780	0.56	-0.27	-0.07
66.800	0.56	-0.22	1.06
66.820	0.55	-0.23	-1.74
66.840	0.55	-0.29	-0.07
66.860	0.54	-0.23	1.05
66.880	0.54	-0.25	-1.75
66.900	0.53	-0.30	1.45
66.920	0.53	-0.19	4.12
66.940	0.53	-0.14	-0.80
66.960	0.52	-0.22	-1.75
66.980	0.52	-0.21	0.22
67.000	0.51	-0.21	0.08
67.020	0.51	-0.20	0.56
67.040	0.50	-0.19	0.25
67.060	0.50	-0.19	-0.24
67.080	0.50	-0.20	0.05
67.100	0.49	-0.19	0.86
67.120	0.49	-0.16	0.89
67.140	0.49	-0.16	0.42
67.160	0.48	-0.15	0.65
67.180	0.48	-0.13	0.67
67.200	0.48	-0.12	0.32
67.220	0.48	-0.12	0.31
67.240	0.47	-0.11	0.54
67.260	0.47	-0.10	0.53
67.280	0.47	-0.09	0.65
67.300	0.47	-0.07	0.66
67.320	0.47	-0.06	0.42
67.340	0.47	-0.05	0.63
67.360	0.46	-0.04	0.87
67.380	0.46	-0.02	0.66
67.400	0.46	-0.01	0.42
67.420	0.46	-8.70E-4	0.53
67.440	0.46	0.01	0.64
67.460	0.46	0.02	0.64
67.480	0.47	0.04	0.65
67.500	0.47	0.05	0.54
67.520	0.47	0.06	0.42
67.540	0.47	0.07	0.64
67.560	0.47	0.09	0.67
67.580	0.47	0.09	0.31
67.600	0.47	0.10	0.41
67.620	0.48	0.11	0.77
67.640	0.48	0.13	0.54
67.660	0.48	0.13	0.51
67.680	0.48	0.15	0.90
67.700	0.49	0.17	0.34
67.720	0.49	0.16	-0.02
67.740	0.49	0.17	0.32
67.760	0.50	0.18	0.33
67.780	0.50	0.18	0.21
67.800	0.50	0.18	0.24
67.820	0.51	0.19	-0.11
67.840	0.51	0.18	-0.13
67.860	0.51	0.18	0.57
67.880	0.52	0.20	-4.45
67.900	0.52	0.01	-4.75
67.920	0.52	0.01	7.67
67.940	0.52	0.31	9.31
67.960	0.53	0.39	-0.48
67.980	0.54	0.29	-4.44
68.000	0.54	0.21	-2.54
68.020	0.55	0.19	-0.23
68.040	0.55	0.20	1.43
68.060	0.56	0.25	1.18
68.080	0.56	0.25	-1.62
68.100	0.56	0.19	-1.61
68.120	0.57	0.18	-0.21
68.140	0.57	0.18	-0.22
68.160	0.58	0.17	-0.10
68.180	0.58	0.17	-0.21
68.200	0.58	0.16	-0.31
68.220	0.59	0.16	-0.38
68.240	0.59	0.15	-0.98
68.260	0.59	0.12	-0.92
68.280	0.59	0.11	-0.15
68.300	0.60	0.11	0.51
68.320	0.60	0.13	-0.48
68.340	0.60	0.10	-1.26
68.360	0.60	0.08	-0.33
68.380	0.60	0.08	-0.19
68.400	0.61	0.07	-0.52
68.420	0.61	0.06	-0.78
68.440	0.61	0.04	-0.41
68.460	0.61	0.05	-0.64
68.480	0.61	0.02	-0.83
68.500	0.61	0.01	0.13
68.520	0.61	0.02	-0.02
68.540	0.61	0.01	-1.08
68.560	0.61	-0.02	-1.12
68.580	0.61	-0.03	-0.55
68.600	0.61	-0.04	-0.44
68.620	0.61	-0.05	-0.33
68.640	0.61	-0.06	-0.20
68.660	0.61	-0.06	-0.40
68.680	0.60	-0.07	-0.77
68.700	0.60	-0.09	-0.58
68.720	0.60	-0.09	-0.08
68.740	0.60	-0.09	-0.42
68.760	0.60	-0.11	-0.58
68.780	0.59	-0.12	0.04
68.800	0.59	-0.11	-0.43
68.820	0.59	-0.13	-0.49
68.840	0.59	-0.13	0.37
68.860	0.59	-0.12	-0.16
68.880	0.58	-0.14	-0.79
68.900	0.58	-0.15	-1.89
68.920	0.58	-0.21	0.10
68.940	0.57	-0.15	3.29
68.960	0.57	-0.08	-0.18
68.980	0.57	-0.15	-2.20
69.000	0.56	-0.17	-0.25
69.020	0.56	-0.16	0.22
69.040	0.56	-0.16	0.22
69.060	0.56	-0.15	0.12
69.080	0.55	-0.15	0.10
69.100	0.55	-0.15	-1.39
69.120	0.55	-0.21	-0.21
69.140	0.54	-0.16	2.87
69.160	0.54	-0.10	0.43
69.180	0.54	-0.14	-1.06
69.200	0.53	-0.14	-1.31
69.220	0.53	-0.19	-1.28
69.240	0.53	-0.19	1.63
69.260	0.52	-0.13	1.49
69.280	0.52	-0.13	0.21
69.300	0.52	-0.12	0.33
69.320	0.52	-0.12	0.21
69.340	0.51	-0.11	0.33
69.360	0.51	-0.10	0.21
69.380	0.51	-0.10	0.31
69.400	0.51	-0.09	0.57
69.420	0.51	-0.08	0.10
69.440	0.50	-0.09	0.18
69.460	0.50	-0.07	0.78
69.480	0.50	-0.06	0.45
69.500	0.50	-0.06	0.09
69.520	0.50	-0.05	0.31
69.540	0.50	-0.04	0.44
69.560	0.50	-0.03	0.33
69.580	0.50	-0.03	0.20
69.600	0.50	-0.03	0.42
69.620	0.50	-0.01	0.55
69.640	0.50	0.00	0.32
69.660	0.50	-6.19E-4	0.31
69.680	0.50	0.01	0.44
69.700	0.50	0.02	0.32
69.720	0.50	0.02	0.32
69.740	0.50	0.03	0.33
69.760	0.50	0.03	0.21
69.780	0.50	0.04	0.31
69.800	0.50	0.05	0.45
69.820	0.50	0.06	0.12
69.840	0.50	0.05	-0.04
69.860	0.50	0.05	0.55
69.880	0.50	0.07	0.47
69.900	0.50	0.07	-0.09
69.920	0.51	0.07	-0.37
69.940	0.51	0.06	0.27
69.960	0.51	0.08	1.14
69.980	0.51	0.10	0.26
70.000	0.51	0.09	-0.46
70.020	0.51	0.09	-0.02
70.040	0.52	0.09	0.22
70.060	0.52	0.09	0.12
70.080	0.52	0.09	8.40E-13
70.100	0.52	0.09	-0.01
70.120	0.52	0.09	0.11
70.140	0.53	0.10	0.12
70.160	0.53	0.10	-0.10
70.180	0.53	0.09	-0.23
70.200	0.53	0.09	-0.01
70.220	0.53	0.09	0.12
70.240	0.54	0.09	-0.11
70.260	0.54	0.09	-0.11
70.280	0.54	0.09	-0.11
70.300	0.54	0.09	-0.12
70.320	0.54	0.09	0.02
70.340	0.54	0.09	-0.21
70.360	0.55	0.08	-0.35
70.380	0.55	0.07	9.71E-5
70.400	0.55	0.08	0.02
70.420	0.55	0.07	-0.21
70.440	0.55	0.07	-0.21
70.460	0.55	0.06	-0.21
70.480	0.55	0.06	-0.22
70.500	0.56	0.06	-0.12
70.520	0.56	0.06	0.03
70.540	0.56	0.06	-0.31
70.560	0.56	0.04	-0.46
70.580	0.56	0.04	5.42E-5
70.600	0.56	0.04	0.03
70.620	0.56	0.04	-0.32
70.640	0.56	0.03	-0.33
70.660	0.56	0.03	-0.21
70.680	0.56	0.02	-0.33
70.700	0.56	0.01	1.16
70.720	0.56	0.07	1.63
70.740	0.57	0.08	-1.26
70.760	0.57	0.02	-3.14
70.780	0.57	-0.05	-1.72
70.800	0.56	-0.05	2.59
70.820	0.56	0.06	2.76
70.840	0.57	0.06	-0.94
70.860	0.57	0.02	-1.33
70.880	0.57	0.01	-0.77
70.900	0.57	-0.01	-0.56
70.920	0.57	-0.02	-0.24
70.940	0.57	-0.02	0.10
70.960	0.57	-0.01	0.22
70.980	0.57	-0.01	0.11
71.000	0.57	-0.01	0.11
71.020	0.57	-0.01	0.12
71.040	0.57	0.00	0.04
71.060	0.57	-0.01	-0.44
71.080	0.57	-0.02	-0.34
71.100	0.56	-0.02	-0.09
71.120	0.56	-0.03	-0.32
71.140	0.56	-0.03	-0.36
71.160	0.56	-0.04	0.09
71.180	0.56	-0.03	0.33
71.200	0.56	-0.03	0.23
71.220	0.56	-0.02	0.01
71.240	0.56	-0.03	-0.13
71.260	0.56	-0.03	0.11
71.280	0.56	-0.02	0.10
71.300	0.56	-0.02	0.22
71.320	0.56	-0.01	0.22
71.340	0.56	-0.01	0.12
71.360	0.56	-0.01	0.04
71.380	0.56	-0.01	-0.53
71.400	0.56	-0.03	-0.69
71.420	0.56	-0.04	-0.14
71.440	0.56	-0.04	0.32
71.460	0.56	-0.03	0.32
71.480	0.56	-0.02	0.34
71.500	0.55	-0.01	0.11
71.520	0.55	-0.02	0.11
71.540	0.55	-0.01	0.17
71.560	0.55	-0.01	-0.66
71.580	0.55	-0.03	-0.49
71.600	0.55	-0.03	0.32
71.620	0.55	-0.02	0.33
71.640	0.55	-0.02	0.22
71.660	0.55	-0.01	0.13
71.680	0.55	-0.01	-0.11
71.700	0.55	-0.02	-1.52
71.720	0.55	-0.07	-1.49
71.740	0.55	-0.08	1.17
71.760	0.55	-0.03	1.39
71.780	0.55	-0.02	-0.10
71.800	0.55	-0.03	1.27
71.820	0.55	0.03	1.83
71.840	0.55	0.04	-2.56
71.860	0.55	-0.07	-3.10
71.880	0.55	-0.08	1.05
71.900	0.54	-0.03	1.49
71.920	0.54	-0.02	0.25
71.940	0.54	-0.02	-0.21
71.960	0.54	-0.03	-0.34
71.980	0.54	-0.03	-0.12
72.000	0.54	-0.03	-0.01
72.020	0.54	-0.03	0.12
72.040	0.54	-0.03	0.03
72.060	0.54	-0.03	-0.34
72.080	0.54	-0.04	-0.13
72.100	0.54	-0.04	0.23
72.120	0.54	-0.03	0.03
72.140	0.54	-0.04	-0.34
72.160	0.54	-0.05	-0.12
72.180	0.53	-0.04	0.13
72.200	0.53	-0.04	-0.22
72.220	0.53	-0.05	-0.13
72.240	0.53	-0.05	0.23
72.260	0.53	-0.04	0.02
72.280	0.53	-0.05	-0.23
72.300	0.53	-0.05	-0.01
72.320	0.53	-0.05	0.12
72.340	0.53	-0.05	-0.11
72.360	0.53	-0.05	-0.12
72.380	0.53	-0.05	0.11
72.400	0.52	-0.05	0.12
72.420	0.52	-0.05	-0.12
72.440	0.52	-0.05	-0.02
72.460	0.52	-0.05	0.23
72.480	0.52	-0.04	0.01
72.500	0.52	-0.05	-0.12
72.520	0.52	-0.05	0.10
72.540	0.52	-0.04	0.22
72.560	0.52	-0.04	0.12
72.580	0.52	-0.04	-0.11
72.600	0.52	-0.04	-0.12
72.620	0.51	-0.04	0.12
72.640	0.51	-0.04	0.20
72.660	0.51	-0.04	-4.12
72.680	0.51	-0.20	-5.88
72.700	0.51	-0.27	4.29
72.720	0.50	-0.03	8.12
72.740	0.50	0.05	1.22
72.760	0.50	0.02	-1.02
72.780	0.50	0.01	1.30
72.800	0.50	0.07	1.40
72.820	0.51	0.07	-1.74
72.840	0.51	-6.34E-4	-1.53
72.860	0.51	0.01	0.28
72.880	0.51	0.01	2.44
72.900	0.51	0.11	3.22
72.920	0.51	0.14	-1.29
72.940	0.51	0.05	-2.78
72.960	0.51	0.03	-2.94
72.980	0.51	-0.06	-4.50
73.000	0.51	-0.15	2.57
73.020	0.51	0.04	9.45
73.040	0.51	0.23	2.71
73.060	0.52	0.15	-10.00
73.080	0.52	-0.17	-10.87
73.100	0.51	-0.29	1.07
73.120	0.51	-0.13	8.72
73.140	0.51	0.06	11.78
73.160	0.51	0.34	11.50
73.180	0.52	0.52	0.07
73.200	0.53	0.34	-14.02
73.220	0.53	-0.04	-18.41
73.240	0.53	-0.39	-54.09
73.260	0.52	-2.20	-33.82
73.280	0.44	-1.75	112.01
73.300	0.45	2.28	104.43
73.320	0.53	2.43	-47.91
73.340	0.54	0.36	-57.98
73.360	0.55	0.11	-6.39
73.380	0.55	0.11	0.33
73.400	0.55	0.13	0.28
73.420	0.55	0.12	-0.57
73.440	0.56	0.10	-0.14
73.460	0.56	0.11	0.35
73.480	0.56	0.12	-0.02
73.500	0.56	0.11	0.37
73.520	0.56	0.13	-1.56
73.540	0.57	0.05	-2.52
73.560	0.57	0.03	0.90
73.580	0.57	0.08	1.93
73.600	0.57	0.11	0.65
73.620	0.57	0.11	-0.75
73.640	0.57	0.08	-2.36
73.660	0.58	0.02	0.17
73.680	0.57	0.08	3.85
73.700	0.58	0.17	-0.11
73.720	0.58	0.08	-0.27
73.740	0.58	0.16	2.18
73.760	0.59	0.17	-2.36
73.780	0.59	0.06	-2.71
73.800	0.59	0.06	0.39
73.820	0.59	0.08	-0.34
73.840	0.59	0.05	-1.61
73.860	0.59	0.02	-0.40
73.880	0.59	0.03	0.57
73.900	0.59	0.04	0.17
73.920	0.60	0.04	-0.62
73.940	0.60	0.01	-1.00
73.960	0.60	0.00	-0.67
73.980	0.60	-0.01	-0.32
74.000	0.60	-0.02	-0.31
74.020	0.60	-0.03	-0.44
74.040	0.59	-0.03	-0.33
74.060	0.59	-0.04	-0.20
74.080	0.59	-0.04	-0.42
74.100	0.59	-0.06	-0.56
74.120	0.59	-0.06	-0.30
74.140	0.59	-0.07	-0.55
74.160	0.59	-0.09	-0.35
74.180	0.59	-0.08	-1.02
74.200	0.59	-0.13	-6.42
74.220	0.58	-0.34	-0.67
74.240	0.57	-0.15	9.93
74.260	0.58	0.06	2.94
74.280	0.57	-0.04	-2.94
74.300	0.57	-0.06	-3.73
74.320	0.57	-0.19	-6.16
74.340	0.57	-0.30	0.89
74.360	0.56	-0.15	6.64
74.380	0.56	-0.04	0.12
74.400	0.56	-0.14	-3.11
74.420	0.55	-0.16	-0.37
74.440	0.55	-0.16	0.34
74.460	0.55	-0.15	0.15
74.480	0.55	-0.15	-0.44
74.500	0.54	-0.17	-0.33
74.520	0.54	-0.17	-0.19
74.540	0.54	-0.18	-0.47
74.560	0.53	-0.19	-1.44
74.580	0.53	-0.23	-1.03
74.600	0.52	-0.23	1.41
74.620	0.52	-0.18	1.21
74.640	0.52	-0.18	2.47
74.660	0.51	-0.08	2.90
74.680	0.51	-0.06	-1.70
74.700	0.51	-0.15	-2.09
74.720	0.51	-0.15	0.10
74.740	0.50	-0.14	0.23
74.760	0.50	-0.14	-0.02
74.780	0.50	-0.14	0.18
74.800	0.49	-0.13	0.67
74.820	0.49	-0.12	0.32
74.840	0.49	-0.12	0.32
74.860	0.49	-0.10	0.63
74.880	0.49	-0.09	-2.54
74.900	0.48	-0.21	-0.15
74.920	0.48	-0.10	3.95
74.940	0.48	-0.05	1.03
74.960	0.48	-0.06	1.82
74.980	0.48	0.03	0.32
75.000	0.48	-0.04	-1.39
75.020	0.48	-0.03	0.21
75.040	0.48	-0.04	0.43
75.060	0.47	-0.01	-1.20
75.080	0.48	-0.08	-1.21
75.100	0.47	-0.06	2.50
75.120	0.47	0.02	3.84
75.140	0.47	0.09	2.83
75.160	0.48	0.13	-1.05
75.180	0.48	0.05	-1.64
75.200	0.48	0.06	0.44
75.220	0.48	0.07	0.33
75.240	0.48	0.08	0.33
75.260	0.48	0.08	-1.38
75.280	0.48	0.02	-1.88
75.300	0.48	0.01	1.91
75.320	0.48	0.10	5.78
75.340	0.49	0.24	3.27
75.360	0.49	0.23	-2.26
75.380	0.50	0.15	-2.18
75.400	0.50	0.14	-1.73
75.420	0.50	0.08	-1.79
75.440	0.50	0.07	2.17
75.460	0.51	0.16	5.15
75.480	0.51	0.28	2.51
75.500	0.52	0.26	-4.21
75.520	0.52	0.11	-4.43
75.540	0.52	0.09	1.83
75.560	0.52	0.18	5.05
75.580	0.53	0.29	2.39
75.600	0.54	0.28	-2.50
75.620	0.54	0.19	-2.20
75.640	0.54	0.19	0.14
75.660	0.55	0.19	-1.72
75.680	0.55	0.12	-1.99
75.700	0.55	0.11	1.75
75.720	0.56	0.19	1.38
75.740	0.56	0.17	0.06
75.760	0.56	0.19	0.57
75.780	0.57	0.19	1.35
75.800	0.57	0.25	3.94
75.820	0.58	0.35	-3.85
75.840	0.58	0.09	-4.87
75.860	0.58	0.16	5.73
75.880	0.59	0.32	0.10
75.900	0.59	0.16	-4.27
75.920	0.60	0.15	-0.42
75.940	0.60	0.14	-0.54
75.960	0.60	0.13	-0.53
75.980	0.60	0.12	-0.65
76.000	0.61	0.10	-0.57
76.020	0.61	0.10	-0.21
76.040	0.61	0.09	-0.17
76.060	0.61	0.09	-0.73
76.080	0.61	0.07	-1.04
76.100	0.62	0.05	-0.08
76.120	0.62	0.06	-0.37
76.140	0.62	0.04	-0.93
76.160	0.62	0.03	-2.67
76.180	0.62	-0.07	-3.30
76.200	0.62	-0.11	1.26
76.220	0.61	-0.02	4.45
76.240	0.61	0.07	1.67
76.260	0.62	0.05	-3.07
76.280	0.62	-0.05	-2.53
76.300	0.62	-0.05	-0.27
76.320	0.61	-0.06	-3.24
76.340	0.61	-0.18	-7.37
76.360	0.61	-0.36	-4.76
76.380	0.60	-0.37	2.92
76.400	0.59	-0.24	10.85
76.420	0.59	0.06	12.12
76.440	0.59	0.24	-0.37
76.460	0.60	0.04	-9.46
76.480	0.60	-0.13	-6.90
76.500	0.59	-0.23	-5.79
76.520	0.59	-0.36	-1.10
76.540	0.58	-0.27	4.85
76.560	0.58	-0.17	2.21
76.580	0.57	-0.19	-0.22
76.600	0.57	-0.18	4.33
76.620	0.56	-0.01	2.33
76.640	0.57	-0.09	-13.36
76.660	0.56	-0.55	-7.25
76.680	0.55	-0.38	11.13
76.700	0.55	-0.10	2.02
76.720	0.54	-0.30	-2.47
76.740	0.53	-0.20	6.56
76.760	0.53	-0.03	3.87
76.780	0.53	-0.05	-0.41
76.800	0.53	-0.05	-1.94
76.820	0.53	-0.12	-5.11
76.840	0.53	-0.25	-3.24
76.860	0.52	-0.25	1.51
76.880	0.52	-0.19	1.60
76.900	0.51	-0.19	0.22
76.920	0.51	-0.19	0.21
76.940	0.51	-0.18	0.32
76.960	0.50	-0.17	0.44
76.980	0.50	-0.16	0.32
77.000	0.50	-0.16	0.43
77.020	0.49	-0.15	0.45
77.040	0.49	-0.14	0.20
77.060	0.49	-0.14	0.71
77.080	0.48	-0.11	-3.69
77.100	0.48	-0.29	-1.94
77.120	0.47	-0.19	4.79
77.140	0.47	-0.09	2.26
77.160	0.47	-0.10	2.47
77.180	0.47	0.00	0.84
77.200	0.47	-0.07	-0.66
77.220	0.47	-0.02	3.13
77.240	0.47	0.06	-0.23
77.260	0.47	-0.03	-3.69
77.280	0.47	-0.09	0.21
77.300	0.47	-0.02	0.16
77.320	0.47	-0.08	0.79
77.340	0.46	0.01	5.43
77.360	0.47	0.13	3.14
77.380	0.47	0.13	-0.35
77.400	0.47	0.12	-3.12
77.420	0.47	0.01	-5.17
77.440	0.47	-0.09	1.28
77.460	0.47	0.06	8.54
77.480	0.47	0.25	3.21
77.500	0.48	0.19	-3.33
77.520	0.48	0.12	-1.85
77.540	0.48	0.12	0.22
77.560	0.49	0.13	-1.66
77.580	0.49	0.05	0.37
77.600	0.49	0.14	4.83
77.620	0.50	0.24	0.24
77.640	0.50	0.15	-1.88
77.660	0.50	0.17	0.56
77.680	0.51	0.18	0.22
77.700	0.51	0.18	0.11
77.720	0.51	0.18	0.12
77.740	0.52	0.18	-0.02
77.760	0.52	0.18	0.32
77.780	0.52	0.19	0.35
77.800	0.53	0.19	-0.11
77.820	0.53	0.19	-0.12
77.840	0.53	0.19	0.04
77.860	0.54	0.19	-0.58
77.880	0.54	0.17	-0.08
77.900	0.55	0.19	1.07
77.920	0.55	0.21	-0.39
77.940	0.55	0.17	0.48
77.960	0.56	0.23	1.61
77.980	0.56	0.24	-2.79
78.000	0.57	0.12	-1.60
78.020	0.57	0.17	1.20
78.040	0.57	0.16	-0.56
78.060	0.57	0.15	1.17
78.080	0.58	0.21	0.14
78.100	0.58	0.16	-1.78
78.120	0.59	0.14	-1.02
78.140	0.59	0.12	-0.36
78.160	0.59	0.13	0.17
78.180	0.59	0.12	-0.64
78.200	0.59	0.10	-0.71
78.220	0.60	0.09	0.17
78.240	0.60	0.11	-0.63
78.260	0.60	0.07	-0.93
78.280	0.60	0.07	0.08
78.300	0.60	0.07	-0.87
78.320	0.60	0.03	-0.79
78.340	0.61	0.04	-0.29
78.360	0.61	0.02	-0.68
78.380	0.61	0.01	-0.21
78.400	0.61	0.01	-0.20
78.420	0.61	0.01	-0.44
78.440	0.61	0.00	-0.28
78.460	0.61	-0.01	-0.71
78.480	0.61	-0.03	-1.28
78.500	0.61	-0.06	-0.12
78.520	0.60	-0.04	0.07
78.540	0.60	-0.05	-0.77
78.560	0.60	-0.07	-0.56
78.580	0.60	-0.08	-0.31
78.600	0.60	-0.08	-0.42
78.620	0.60	-0.09	-0.57
78.640	0.60	-0.10	-0.18
78.660	0.59	-0.10	-0.70
78.680	0.59	-0.13	-0.02
78.700	0.59	-0.10	0.33
78.720	0.59	-0.12	-1.15
78.740	0.58	-0.15	-0.26
78.760	0.58	-0.13	0.40
78.780	0.58	-0.13	-0.54
78.800	0.58	-0.15	-0.65
78.820	0.57	-0.16	0.74
78.840	0.57	-0.12	0.99
78.860	0.57	-0.12	-0.61
78.880	0.56	-0.14	-1.11
78.900	0.56	-0.16	-0.70
78.920	0.56	-0.17	0.09
78.940	0.55	-0.16	-1.06
78.960	0.55	-0.22	-1.54
78.980	0.55	-0.22	1.67
79.000	0.54	-0.15	4.07
79.020	0.54	-0.06	1.81
79.040	0.54	-0.08	-3.95
79.060	0.54	-0.22	-3.25
79.080	0.53	-0.21	1.51
79.100	0.53	-0.16	1.60
79.120	0.53	-0.14	-1.30
79.140	0.52	-0.21	0.05
79.160	0.52	-0.14	4.10
79.180	0.52	-0.04	1.04
79.200	0.52	-0.10	-1.61
79.220	0.51	-0.11	-0.15
79.240	0.51	-0.10	0.43
79.260	0.51	-0.09	0.45
79.280	0.51	-0.09	0.12
79.300	0.51	-0.09	-0.15
79.320	0.50	-0.09	0.40
79.340	0.50	-0.07	0.90
79.360	0.50	-0.06	0.33
79.380	0.50	-0.06	0.20
79.400	0.50	-0.05	0.44
79.420	0.50	-0.04	0.32
79.440	0.50	-0.04	0.32
79.460	0.50	-0.03	0.33
79.480	0.50	-0.02	0.20
79.500	0.50	-0.02	0.43
79.520	0.50	0.00	0.44
79.540	0.50	-6.20E-4	0.31
79.560	0.50	0.01	0.44
79.580	0.50	0.02	0.33
79.600	0.50	0.02	0.21
79.620	0.50	0.03	0.31
79.640	0.50	0.03	0.44
79.660	0.50	0.04	0.33
79.680	0.50	0.05	0.21
79.700	0.50	0.05	0.21
79.720	0.50	0.06	0.32
79.740	0.50	0.06	0.33
79.760	0.50	0.07	0.21
79.780	0.51	0.07	0.22
79.800	0.51	0.08	0.10
79.820	0.51	0.08	0.21
79.840	0.51	0.09	0.22
79.860	0.51	0.09	0.10
79.880	0.51	0.09	0.23
79.900	0.52	0.09	-1.12E-4
79.920	0.52	0.09	-0.01
79.940	0.52	0.09	0.11
79.960	0.52	0.09	0.11
79.980	0.52	0.10	0.12
80.000	0.52	0.10	-6.94E-14
80.020	0.53	0.10	-6.94E-14
80.040	0.53	0.10	9.48E-13
80.060	0.53	0.10	
